0.3325	0.00E+00
0.35	7.66E-31
0.35086	8.38E-31
0.35172	9.16E-31
0.35258	1.00E-30
0.35343	1.09E-30
0.35429	1.19E-30
0.35515	1.30E-30
0.35601	1.42E-30
0.35687	1.55E-30
0.35772	1.69E-30
0.35858	1.85E-30
0.35944	2.01E-30
0.3603	2.19E-30
0.36116	2.39E-30
0.36202	2.60E-30
0.36287	2.83E-30
0.36373	3.08E-30
0.36459	3.35E-30
0.36545	3.65E-30
0.36631	3.97E-30
0.36717	4.31E-30
0.36802	4.69E-30
0.36888	5.09E-30
0.36974	5.53E-30
0.3706	6.00E-30
0.37146	6.52E-30
0.37232	7.07E-30
0.37317	7.67E-30
0.37403	8.32E-30
0.37489	9.02E-30
0.37575	9.78E-30
0.37661	1.06E-29
0.37746	1.15E-29
0.37832	1.24E-29
0.37918	1.35E-29
0.38004	1.46E-29
0.3809	1.58E-29
0.38176	1.71E-29
0.38261	1.84E-29
0.38347	1.99E-29
0.38433	2.16E-29
0.38519	2.33E-29
0.38605	2.52E-29
0.38691	2.72E-29
0.38776	2.94E-29
0.38862	3.17E-29
0.38948	3.42E-29
0.39034	3.69E-29
0.3912	3.98E-29
0.39206	4.30E-29
0.39291	4.63E-29
0.39377	4.99E-29
0.39463	5.38E-29
0.39549	5.80E-29
0.39635	6.24E-29
0.3972	6.72E-29
0.39806	7.24E-29
0.39892	7.79E-29
0.39978	8.38E-29
0.40064	9.02E-29
0.4015	9.70E-29
0.40235	1.04E-28
0.40321	1.12E-28
0.40407	1.21E-28
0.40493	1.30E-28
0.40579	1.39E-28
0.40665	1.50E-28
0.4075	1.61E-28
0.40836	1.72E-28
0.40922	1.85E-28
0.41008	1.99E-28
0.41094	2.13E-28
0.4118	2.29E-28
0.41265	2.45E-28
0.41351	2.63E-28
0.41437	2.82E-28
0.41523	3.02E-28
0.41637	3.31E-28
0.41752	3.63E-28
0.41866	3.97E-28
0.41981	4.35E-28
0.42095	4.76E-28
0.42209	5.21E-28
0.42324	5.70E-28
0.42438	6.24E-28
0.42553	6.82E-28
0.42667	7.45E-28
0.42782	8.14E-28
0.42896	8.88E-28
0.43011	9.70E-28
0.43125	1.06E-27
0.43239	1.15E-27
0.43354	1.26E-27
0.43468	1.37E-27
0.43583	1.49E-27
0.43697	1.63E-27
0.43812	1.77E-27
0.43926	1.93E-27
0.4404	2.10E-27
0.44155	2.28E-27
0.44269	2.48E-27
0.44384	2.70E-27
0.44498	2.93E-27
0.44613	3.19E-27
0.44727	3.46E-27
0.44842	3.76E-27
0.44956	4.08E-27
0.4507	4.43E-27
0.45185	4.80E-27
0.45299	5.21E-27
0.45414	5.64E-27
0.45528	6.12E-27
0.45643	6.63E-27
0.45757	7.18E-27
0.45871	7.77E-27
0.45986	8.41E-27
0.461	9.10E-27
0.46215	9.84E-27
0.46329	1.06E-26
0.46444	1.15E-26
0.46558	1.24E-26
0.46672	1.34E-26
0.46787	1.45E-26
0.46901	1.57E-26
0.47016	1.69E-26
0.4713	1.83E-26
0.47245	1.97E-26
0.47359	2.12E-26
0.47474	2.29E-26
0.47588	2.47E-26
0.47702	2.66E-26
0.47817	2.87E-26
0.4796	3.15E-26
0.48103	3.45E-26
0.48246	3.78E-26
0.48389	4.15E-26
0.48532	4.54E-26
0.48675	4.97E-26
0.48818	5.45E-26
0.48961	5.96E-26
0.49104	6.52E-26
0.49247	7.12E-26
0.4939	7.79E-26
0.49533	8.51E-26
0.49676	9.29E-26
0.49819	1.01E-25
0.49962	1.11E-25
0.50106	1.21E-25
0.50249	1.32E-25
0.50392	1.43E-25
0.50535	1.56E-25
0.50678	1.70E-25
0.50821	1.85E-25
0.50964	2.02E-25
0.51107	2.19E-25
0.5125	2.39E-25
0.51393	2.59E-25
0.51536	2.82E-25
0.51679	3.06E-25
0.51822	3.33E-25
0.51965	3.61E-25
0.52108	3.92E-25
0.52251	4.25E-25
0.52394	4.61E-25
0.52537	5.00E-25
0.5268	5.42E-25
0.52823	5.87E-25
0.52966	6.36E-25
0.53109	6.89E-25
0.53253	7.45E-25
0.53396	8.07E-25
0.53539	8.73E-25
0.53682	9.44E-25
0.53825	1.02E-24
0.53968	1.10E-24
0.54111	1.19E-24
0.54254	1.29E-24
0.54397	1.39E-24
0.54569	1.52E-24
0.5474	1.67E-24
0.54883	1.80E-24
0.55055	1.97E-24
0.55227	2.15E-24
0.55398	2.36E-24
0.5557	2.58E-24
0.55741	2.81E-24
0.55913	3.07E-24
0.56085	3.36E-24
0.56256	3.66E-24
0.56428	4.00E-24
0.566	4.36E-24
0.56771	4.75E-24
0.56943	5.18E-24
0.57115	5.64E-24
0.57286	6.14E-24
0.57458	6.68E-24
0.5763	7.27E-24
0.57801	7.91E-24
0.57973	8.60E-24
0.58145	9.34E-24
0.58316	1.01E-23
0.58488	1.10E-23
0.58659	1.20E-23
0.58831	1.30E-23
0.59003	1.41E-23
0.59175	1.53E-23
0.59346	1.66E-23
0.59518	1.79E-23
0.59718	1.97E-23
0.5989	2.13E-23
0.60061	2.31E-23
0.60262	2.53E-23
0.60462	2.77E-23
0.60662	3.04E-23
0.60862	3.32E-23
0.61063	3.64E-23
0.61263	3.98E-23
0.61463	4.35E-23
0.61664	4.75E-23
0.61864	5.19E-23
0.62064	5.67E-23
0.62264	6.19E-23
0.62465	6.75E-23
0.62665	7.36E-23
0.62865	8.03E-23
0.63065	8.75E-23
0.63266	9.53E-23
0.63466	1.04E-22
0.63671	1.13E-22
0.63888	1.24E-22
0.64105	1.36E-22
0.64322	1.48E-22
0.64539	1.62E-22
0.64756	1.78E-22
0.64973	1.94E-22
0.6519	2.12E-22
0.65407	2.32E-22
0.65624	2.53E-22
0.65841	2.76E-22
0.66058	3.01E-22
0.66275	3.28E-22
0.66492	3.57E-22
0.66709	3.89E-22
0.66926	4.23E-22
0.67143	4.61E-22
0.6736	5.01E-22
0.67577	5.45E-22
0.67794	5.92E-22
0.68011	6.44E-22
0.68228	6.99E-22
0.68445	7.59E-22
0.68662	8.23E-22
0.68879	8.93E-22
0.69096	9.68E-22
0.69344	1.06E-21
0.69591	1.16E-21
0.6984	1.27E-21
0.70088	1.40E-21
0.70335	1.53E-21
0.70583	1.67E-21
0.70831	1.83E-21
0.71079	1.99E-21
0.71327	2.18E-21
0.71575	2.38E-21
0.71823	2.59E-21
0.72071	2.83E-21
0.72319	3.08E-21
0.72567	3.36E-21
0.72815	3.66E-21
0.73063	3.99E-21
0.73311	4.34E-21
0.73559	4.72E-21
0.73807	5.13E-21
0.74055	5.58E-21
0.74303	6.06E-21
0.74582	6.65E-21
0.74861	7.29E-21
0.7514	7.99E-21
0.75419	8.75E-21
0.75698	9.58E-21
0.75977	1.05E-20
0.76256	1.15E-20
0.76535	1.25E-20
0.76814	1.37E-20
0.77093	1.50E-20
0.77372	1.63E-20
0.77651	1.78E-20
0.7793	1.94E-20
0.78209	2.12E-20
0.78488	2.31E-20
0.78767	2.51E-20
0.79046	2.74E-20
0.79325	2.98E-20
0.79604	3.24E-20
0.79883	3.52E-20
0.80193	3.86E-20
0.80503	4.23E-20
0.80813	4.63E-20
0.81123	5.07E-20
0.81433	5.55E-20
0.81743	6.07E-20
0.82053	6.64E-20
0.82363	7.25E-20
0.82673	7.92E-20
0.82983	8.64E-20
0.83293	9.43E-20
0.83603	1.03E-19
0.83913	1.12E-19
0.84223	1.22E-19
0.84533	1.33E-19
0.84843	1.45E-19
0.85184	1.59E-19
0.85524	1.74E-19
0.85865	1.91E-19
0.86206	2.09E-19
0.86547	2.29E-19
0.86888	2.50E-19
0.87229	2.73E-19
0.8757	2.99E-19
0.87911	3.26E-19
0.88252	3.56E-19
0.88593	3.89E-19
0.88934	4.24E-19
0.89275	4.62E-19
0.89616	5.03E-19
0.89957	5.48E-19
0.90298	5.97E-19
0.9067	6.54E-19
0.91042	7.16E-19
0.91414	7.85E-19
0.91786	8.59E-19
0.92158	9.39E-19
0.9253	1.03E-18
0.92902	1.12E-18
0.93274	1.22E-18
0.93646	1.34E-18
0.94018	1.46E-18
0.9439	1.59E-18
0.94769	1.73E-18
0.95147	1.89E-18
0.95525	2.06E-18
0.95902	2.25E-18
0.9628	2.45E-18
0.96658	2.66E-18
0.97036	2.90E-18
0.97414	3.15E-18
0.97792	3.42E-18
0.9817	3.72E-18
0.98548	4.03E-18
0.98925	4.38E-18
0.99357	4.80E-18
0.99789	5.27E-18
1.0022	5.77E-18
1.0065	6.32E-18
1.0109	6.92E-18
1.0146	7.49E-18
1.0184	8.09E-18
1.0227	8.85E-18
1.027	9.66E-18
1.0314	1.05E-17
1.0357	1.15E-17
1.04	1.25E-17
1.0443	1.37E-17
1.0486	1.49E-17
1.053	1.62E-17
1.0573	1.76E-17
1.0616	1.92E-17
1.0659	2.08E-17
1.0708	2.29E-17
1.0751	2.48E-17
1.0794	2.70E-17
1.0843	2.95E-17
1.0891	3.23E-17
1.094	3.54E-17
1.0988	3.87E-17
1.1037	4.23E-17
1.1086	4.62E-17
1.1134	5.05E-17
1.1183	5.51E-17
1.1231	6.00E-17
1.128	6.54E-17
1.1329	7.13E-17
1.1377	7.76E-17
1.1426	8.44E-17
1.148	9.27E-17
1.1534	1.02E-16
1.1588	1.11E-16
1.1642	1.22E-16
1.1696	1.34E-16
1.175	1.46E-16
1.1804	1.60E-16
1.1858	1.75E-16
1.1912	1.91E-16
1.1965	2.08E-16
1.2019	2.27E-16
1.2073	2.47E-16
1.2127	2.69E-16
1.2187	2.96E-16
1.2246	3.25E-16
1.2306	3.56E-16
1.2365	3.90E-16
1.2424	4.27E-16
1.2484	4.67E-16
1.2543	5.11E-16
1.2602	5.58E-16
1.2662	6.10E-16
1.2721	6.66E-16
1.2781	7.26E-16
1.284	7.92E-16
1.2905	8.69E-16
1.2969	9.54E-16
1.3034	1.05E-15
1.3099	1.15E-15
1.3164	1.25E-15
1.3229	1.37E-15
1.3293	1.50E-15
1.3358	1.64E-15
1.3423	1.79E-15
1.3493	1.97E-15
1.3558	2.15E-15
1.3628	2.36E-15
1.3698	2.58E-15
1.3768	2.83E-15
1.3839	3.10E-15
1.3909	3.40E-15
1.3979	3.71E-15
1.4049	4.06E-15
1.4119	4.43E-15
1.4189	4.84E-15
1.426	5.28E-15
1.433	5.75E-15
1.4405	6.31E-15
1.4481	6.91E-15
1.4557	7.57E-15
1.4632	8.28E-15
1.4708	9.06E-15
1.4783	9.90E-15
1.4859	1.08E-14
1.4937	1.18E-14
1.5016	1.29E-14
1.5094	1.42E-14
1.5173	1.55E-14
1.5251	1.69E-14
1.533	1.84E-14
1.5408	2.01E-14
1.5487	2.19E-14
1.5572	2.40E-14
1.5657	2.63E-14
1.5742	2.88E-14
1.5827	3.15E-14
1.5912	3.44E-14
1.5997	3.76E-14
1.6082	4.10E-14
1.6174	4.51E-14
1.6266	4.94E-14
1.6357	5.42E-14
1.6449	5.94E-14
1.654	6.50E-14
1.6625	7.07E-14
1.6717	7.72E-14
1.6809	8.44E-14
1.69	9.21E-14
1.6998	1.01E-13
1.709	1.10E-13
1.7181	1.20E-13
1.7279	1.31E-13
1.7378	1.44E-13
1.7476	1.57E-13
1.7581	1.73E-13
1.7685	1.89E-13
1.779	2.08E-13
1.7895	2.28E-13
1.7999	2.49E-13
1.8104	2.73E-13
1.8209	2.98E-13
1.8313	3.26E-13
1.8418	3.56E-13
1.8529	3.90E-13
1.864	4.28E-13
1.8752	4.68E-13
1.8863	5.12E-13
1.8974	5.60E-13
1.9092	6.15E-13
1.921	6.75E-13
1.9327	7.39E-13
1.9445	8.10E-13
1.9563	8.86E-13
1.9681	9.69E-13
1.9805	1.06E-12
1.9929	1.17E-12
2.0054	1.28E-12
2.0178	1.40E-12
2.0302	1.53E-12
2.0426	1.67E-12
2.0557	1.84E-12
2.0688	2.01E-12
2.0819	2.20E-12
2.095	2.41E-12
2.1087	2.65E-12
2.1225	2.90E-12
2.1362	3.18E-12
2.1502	3.49E-12
2.1639	3.82E-12
2.1784	4.20E-12
2.1928	4.60E-12
2.2072	5.04E-12
2.2216	5.52E-12
2.2361	6.04E-12
2.2511	6.63E-12
2.2661	7.27E-12
2.2812	7.96E-12
2.2969	8.74E-12
2.3126	9.59E-12
2.3282	1.05E-11
2.3445	1.15E-11
2.3608	1.27E-11
2.3771	1.39E-11
2.3934	1.52E-11
2.4104	1.67E-11
2.4267	1.83E-11
2.4436	2.01E-11
2.4605	2.20E-11
2.4781	2.41E-11
2.4956	2.65E-11
2.5132	2.90E-11
2.5314	3.19E-11
2.5496	3.49E-11
2.5678	3.83E-11
2.5866	4.21E-11
2.6054	4.61E-11
2.6242	5.06E-11
2.6436	5.55E-11
2.6631	6.09E-11
2.6831	6.70E-11
2.7032	7.35E-11
2.7233	8.06E-11
2.7439	8.86E-11
2.7646	9.72E-11
2.7852	1.07E-10
2.8061	1.17E-10
2.8269	1.28E-10
2.8491	1.41E-10
2.8714	1.55E-10
2.8936	1.70E-10
2.9159	1.86E-10
2.9381	2.04E-10
2.9617	2.24E-10
2.9854	2.46E-10
3.009	2.71E-10
3.0326	2.97E-10
3.0562	3.25E-10
3.0813	3.57E-10
3.1063	3.93E-10
3.1313	4.31E-10
3.1577	4.75E-10
3.1841	5.22E-10
3.2105	5.74E-10
3.2369	6.30E-10
3.2633	6.91E-10
3.2911	7.60E-10
3.3189	8.35E-10
3.3467	9.17E-10
3.3745	1.01E-09
3.4037	1.11E-09
3.4329	1.22E-09
3.4621	1.33E-09
3.4927	1.47E-09
3.5233	1.61E-09
3.5538	1.77E-09
3.5858	1.95E-09
3.6178	2.15E-09
3.6497	2.36E-09
3.6817	2.58E-09
3.7151	2.84E-09
3.7484	3.12E-09
3.7832	3.44E-09
3.8179	3.78E-09
3.8527	4.15E-09
3.8888	4.57E-09
3.9249	5.03E-09
3.9625	5.54E-09
4	6.09E-09
4.0375	6.70E-09
4.0764	7.37E-09
4.1154	8.11E-09
4.1557	8.93E-09
4.1966	9.84E-09
4.2373	1.08E-08
4.2792	1.19E-08
4.3221	1.31E-08
4.3651	1.44E-08
4.4092	1.59E-08
4.4544	1.75E-08
4.4996	1.93E-08
4.546	2.13E-08
4.5923	2.34E-08
4.6398	2.58E-08
4.6884	2.84E-08
4.7382	3.13E-08
4.7879	3.44E-08
4.8388	3.79E-08
4.8908	4.18E-08
4.9439	4.61E-08
4.9982	5.08E-08
5.0536	5.61E-08
5.109	6.17E-08
5.1655	6.80E-08
5.2232	7.50E-08
5.282	8.26E-08
5.3408	9.10E-08
5.4013	1.00E-07
5.4618	1.10E-07
5.5247	1.21E-07
5.5875	1.34E-07
5.6528	1.47E-07
5.7181	1.62E-07
5.7859	1.79E-07
5.856	1.97E-07
5.9261	2.17E-07
5.9987	2.40E-07
6.0712	2.64E-07
6.1462	2.92E-07
6.2236	3.22E-07
6.301	3.55E-07
6.3808	3.92E-07
6.463	4.33E-07
6.5453	4.78E-07
6.6299	5.27E-07
6.717	5.82E-07
6.8065	6.43E-07
6.896	7.09E-07
6.9879	7.83E-07
7.0822	8.65E-07
7.1789	9.55E-07
7.2781	1.06E-06
7.3797	1.17E-06
7.4837	1.29E-06
7.5901	1.43E-06
7.6989	1.58E-06
7.8104	1.74E-06
7.9237	1.93E-06
8.0415	2.13E-06
8.1615	2.36E-06
8.2839	2.61E-06
8.4085	2.88E-06
8.5376	3.19E-06
8.669	3.53E-06
8.805	3.91E-06
8.9432	4.32E-06
9.0859	4.79E-06
9.2332	5.30E-06
9.385	5.88E-06
9.5413	6.52E-06
9.6999	7.22E-06
9.8653	8.00E-06
10.034	8.87E-06
10.209	9.84E-06
10.384	1.09E-05
10.564	1.21E-05
10.75	1.33E-05
10.94	1.48E-05
11.136	1.63E-05
11.342	1.81E-05
11.554	2.01E-05
11.77	2.23E-05
11.997	2.47E-05
12.229	2.74E-05
12.471	3.05E-05
12.723	3.39E-05
12.981	3.76E-05
13.254	4.19E-05
13.532	4.66E-05
13.821	5.18E-05
14.12	5.77E-05
14.429	6.42E-05
14.753	7.15E-05
15.093	7.97E-05
15.438	8.87E-05
15.807	9.90E-05
16.187	1.10E-04
16.578	1.23E-04
16.992	1.37E-04
17.417	1.53E-04
17.864	1.71E-04
18.334	1.91E-04
18.826	2.14E-04
19.34	2.39E-04
19.888	2.68E-04
20.459	3.00E-04
21.062	3.36E-04
21.7	3.77E-04
22.382	4.24E-04
23.098	4.77E-04
23.858	5.37E-04
24.663	6.05E-04
25.524	6.82E-04
26.443	7.70E-04
27.434	8.72E-04
28.493	9.87E-04
29.639	1.12E-03
30.882	1.27E-03
32.232	1.45E-03
33.708	1.66E-03
35.321	1.90E-03
37.05	2.17E-03
38.972	2.49E-03
41.169	2.87E-03
43.641	3.33E-03
46.456	3.87E-03
49.751	4.55E-03
53.734	5.40E-03
58.677	6.51E-03
65.268	8.04E-03
75.704	1.06E-02
102.48	1.71E-02
119.24	2.11E-02
136.12	2.49E-02
153.98	2.87E-02
173.39	3.27E-02
194.55	3.67E-02
218.03	4.08E-02
244.04	4.51E-02
272.77	4.94E-02
304.59	5.38E-02
339.97	5.82E-02
379.57	6.27E-02
423.93	6.72E-02
473.56	7.16E-02
529.27	7.59E-02
591.98	8.02E-02
662.25	8.43E-02
740.97	8.82E-02
829.34	9.19E-02
929.22	9.52E-02
1042.2	9.81E-02
1171.4	0.10068
1321.2	0.10275
1498.7	0.10432
1711.1	0.1053
1974.7	0.10557
2340.6	0.10492
5172.2	9.60E-02
7991.8	8.78E-02
10892	8.01E-02
13757	7.32E-02
16629	6.68E-02
19384	6.12E-02
21999	5.64E-02
24504	5.22E-02
26899	4.86E-02
29195	4.55E-02
30000	4.45E-02