00001 07.04.16 00:47:29 00000000 00000028 00000000 00000000 0000 0000 0000 0000 1000.5
00002 07.04.16 01:47:29 00000000 00046075 00000035 00000226 0000 0000 0000 0000 1000.4
00003 07.04.16 02:47:29 00000000 00046516 00000044 00000230 0000 0000 0000 0000 1000.3
00004 07.04.16 03:47:29 00000000 00046377 00000053 00000195 0000 0000 0000 0000 1000.1
00005 07.04.16 04:47:29 00000000 00045815 00000044 00000205 0000 0000 0000 0000 1000.0
00006 07.04.16 05:47:29 00000000 00046150 00000036 00000219 0000 0000 0000 0000  999.9
00007 07.04.16 06:47:29 00000000 00045875 00000032 00000233 0000 0000 0000 0000 1000.1
00008 07.04.16 07:47:29 00000000 00046051 00000053 00000200 0000 0000 0000 0000 1000.0
00009 07.04.16 08:47:29 00000000 00046237 00000046 00000190 0000 0000 0000 0000 1000.1
00010 07.04.16 09:47:29 00000000 00046070 00000051 00000206 0000 0000 0000 0000  999.8
00011 07.04.16 10:47:29 00000000 00045980 00000031 00000167 0000 0000 0000 0000  999.7
00012 07.04.16 11:47:29 00000000 00046194 00000048 00000209 0000 0000 0000 0000 1000.6
00013 07.04.16 12:47:29 00000000 00046030 00000035 00000212 0000 0000 0000 0000 1000.5
00014 07.04.16 13:47:29 00000000 00045979 00000039 00000214 0000 0000 0000 0000 1000.0
00015 07.04.16 14:47:29 00000000 00045804 00000050 00000211 0000 0000 0000 0000  999.8
00016 07.04.16 15:47:29 00000000 00046276 00000047 00000206 0000 0000 0000 0000  999.7
00017 07.04.16 16:47:29 00000000 00046268 00000055 00000191 0000 0000 0000 0000 1000.0
00018 07.04.16 17:47:29 00000000 00045906 00000038 00000215 0000 0000 0000 0000  999.4
00019 07.04.16 18:47:29 00000000 00045744 00000040 00000193 0000 0000 0000 0000  999.2
00020 07.04.16 19:47:29 00000000 00045672 00000036 00000222 0000 0000 0000 0000  999.1
00021 07.04.16 20:47:29 00000000 00045942 00000048 00000189 0000 0000 0000 0000  999.0
00022 07.04.16 21:47:29 00000000 00045878 00000040 00000211 0000 0000 0000 0000  998.8
00023 07.04.16 22:47:29 00000000 00045756 00000048 00000183 0000 0000 0000 0000  998.9
00024 07.04.16 23:47:29 00000000 00046175 00000036 00000196 0000 0000 0000 0000  998.9
