00001 25.05.16 13:36:07 00000000 00000000 00000000 00000000 0000 0000 0000 0000 1006.2
00002 25.05.16 13:36:17 00000000 00000000 00000000 00000000 0000 0000 0000 0000 1006.4
00003 25.05.16 13:36:27 00000000 00000000 00000000 00000000 0000 0000 0000 0000 1006.4
00004 25.05.16 13:37:27 00000000 00000000 00000000 00000000 0000 0000 0000 0000 1006.4
00005 25.05.16 14:15:52 00000000 00000000 00000000 00000000 0000 0000 0000 0000 1006.5
00006 25.05.16 14:16:52 00000001 00000002 00000020 00000000 0000 0000 0000 0000 1006.2
00007 25.05.16 14:17:52 00000000 00000003 00000023 00000000 0000 0000 0000 0000 1006.2
00008 25.05.16 14:18:52 00000000 00000003 00000024 00000000 0000 0000 0000 0000 1006.2
00009 25.05.16 14:19:52 00000000 00000003 00000035 00000000 0000 0000 0000 0000 1006.3
00010 25.05.16 14:20:52 00000000 00000004 00000039 00000000 0000 0000 0000 0000 1006.2
00011 25.05.16 14:21:52 00000000 00000005 00000034 00000000 0000 0000 0000 0000 1006.3
00012 25.05.16 14:22:52 00000000 00000002 00000029 00000000 0000 0000 0000 0000 1006.3
00013 25.05.16 14:23:52 00000000 00000000 00000030 00000000 0000 0000 0000 0000 1006.2
00014 25.05.16 14:24:52 00000000 00000001 00000023 00000000 0000 0000 0000 0000 1006.3
00015 25.05.16 14:25:52 00000000 00000005 00000023 00000000 0000 0000 0000 0000 1006.2
00016 25.05.16 14:26:52 00000000 00000002 00000026 00000000 0000 0000 0000 0000 1006.3
00017 25.05.16 14:27:52 00000000 00000002 00000025 00000000 0000 0000 0000 0000 1006.2
00018 25.05.16 14:28:52 00000000 00000005 00000030 00000000 0000 0000 0000 0000 1006.2
00019 25.05.16 14:29:52 00000000 00000002 00000017 00000000 0000 0000 0000 0000 1006.2
00020 25.05.16 14:30:52 00000000 00000000 00000031 00000000 0000 0000 0000 0000 1006.3
00021 25.05.16 14:31:52 00000000 00000004 00000031 00000000 0000 0000 0000 0000 1006.4
00022 25.05.16 14:32:52 00000000 00000002 00000024 00000000 0000 0000 0000 0000 1006.3
00023 25.05.16 14:33:52 00000000 00000004 00000018 00000000 0000 0000 0000 0000 1006.3
00024 25.05.16 14:34:52 00000000 00000001 00000027 00000000 0000 0000 0000 0000 1006.3
00025 25.05.16 14:35:52 00000000 00000000 00000022 00000000 0000 0000 0000 0000 1006.3
00026 25.05.16 14:36:52 00000000 00000004 00000019 00000000 0000 0000 0000 0000 1006.3
00027 25.05.16 14:37:52 00000000 00000001 00000016 00000000 0000 0000 0000 0000 1006.4
00028 25.05.16 14:38:52 00000000 00000000 00000002 00000000 0000 0000 0000 0000 1006.4
00029 25.05.16 14:39:52 00000000 00000001 00000003 00000000 0000 0000 0000 0000 1006.3
00030 25.05.16 14:40:52 00000000 00000000 00000003 00000000 0000 0000 0000 0000 1006.4
00031 25.05.16 14:41:52 00000000 00000002 00000003 00000000 0000 0000 0000 0000 1006.4
00032 25.05.16 14:42:52 00000000 00000000 00000001 00000000 0000 0000 0000 0000 1006.4
00033 25.05.16 14:43:52 00000000 00000000 00000004 00000000 0000 0000 0000 0000 1006.4
00034 25.05.16 14:44:52 00000000 00000000 00000001 00000000 0000 0000 0000 0000 1006.3
00035 25.05.16 14:45:52 00000000 00000000 00000001 00000000 0000 0000 0000 0000 1006.3
00036 25.05.16 14:46:52 00000000 00000000 00000009 00000000 0000 0000 0000 0000 1006.4
00037 25.05.16 14:47:52 00000000 00000001 00000018 00000000 0000 0000 0000 0000 1006.4
00038 25.05.16 14:48:52 00000000 00000000 00000023 00000000 0000 0000 0000 0000 1006.3
00039 25.05.16 14:49:52 00000000 00000002 00000026 00000000 0000 0000 0000 0000 1006.3
00040 25.05.16 14:50:52 00000000 00000000 00000034 00000000 0000 0000 0000 0000 1006.4
00041 25.05.16 14:51:52 00000000 00000001 00000036 00000000 0000 0000 0000 0000 1006.3
00042 25.05.16 14:52:52 00000000 00000002 00000031 00000000 0000 0000 0000 0000 1006.3
00043 25.05.16 14:53:52 00000000 00000007 00000029 00000000 0000 0000 0000 0000 1006.4
00044 25.05.16 14:54:52 00000000 00000000 00000023 00000000 0000 0000 0000 0000 1006.3
00045 25.05.16 14:55:52 00000000 00000002 00000031 00000000 0000 0000 0000 0000 1006.3
00046 25.05.16 14:56:52 00000000 00000008 00000025 00000000 0000 0000 0000 0000 1006.3
00047 25.05.16 14:57:52 00000000 00000002 00000031 00000000 0000 0000 0000 0000 1006.3
00048 25.05.16 14:58:52 00000000 00000001 00000031 00000000 0000 0000 0000 0000 1006.4
00049 25.05.16 14:59:52 00000000 00000003 00000028 00000000 0000 0000 0000 0000 1006.4
00050 25.05.16 15:00:52 00000000 00000003 00000025 00000000 0000 0000 0000 0000 1006.3
00051 25.05.16 15:01:52 00000000 00000005 00000028 00000000 0000 0000 0000 0000 1006.3
00052 25.05.16 15:02:52 00000000 00000001 00000030 00000000 0000 0000 0000 0000 1006.2
00053 25.05.16 15:03:52 00000000 00000002 00000028 00000000 0000 0000 0000 0000 1006.4
00054 25.05.16 15:04:52 00000000 00000005 00000020 00000000 0000 0000 0000 0000 1006.3
00055 25.05.16 15:05:52 00000000 00000001 00000018 00000000 0000 0000 0000 0000 1006.3
00056 25.05.16 15:06:52 00000000 00000002 00000017 00000000 0000 0000 0000 0000 1006.3
00057 25.05.16 15:07:52 00000000 00000002 00000022 00000000 0000 0000 0000 0000 1006.3
00058 25.05.16 15:08:52 00000000 00000003 00000030 00000000 0000 0000 0000 0000 1006.3
00059 25.05.16 15:09:52 00000000 00000000 00000003 00000000 0000 0000 0000 0000 1006.3
00060 25.05.16 15:10:52 00000000 00000000 00000002 00000000 0000 0000 0000 0000 1006.3
00061 25.05.16 15:11:52 00000000 00000000 00000002 00000000 0000 0000 0000 0000 1006.4
00062 25.05.16 15:12:52 00000000 00000000 00000006 00000000 0000 0000 0000 0000 1006.3
00063 25.05.16 15:13:52 00000000 00000000 00000016 00000000 0000 0000 0000 0000 1006.3
00064 25.05.16 15:14:52 00000000 00000001 00000014 00000000 0000 0000 0000 0000 1006.3
00065 25.05.16 15:15:52 00000000 00000001 00000012 00000000 0000 0000 0000 0000 1006.3
00066 25.05.16 15:16:52 00000000 00000001 00000017 00000000 0000 0000 0000 0000 1006.2
00067 25.05.16 15:17:52 00000000 00000002 00000012 00000000 0000 0000 0000 0000 1006.2
00068 25.05.16 15:18:52 00000000 00000001 00000019 00000000 0000 0000 0000 0000 1006.3
00069 25.05.16 15:19:52 00000000 00000002 00000015 00000000 0000 0000 0000 0000 1006.2
00070 25.05.16 15:20:52 00000000 00000003 00000022 00000000 0000 0000 0000 0000 1006.3
00071 25.05.16 15:21:52 00000000 00000003 00000026 00000000 0000 0000 0000 0000 1006.3
00072 25.05.16 15:22:52 00000000 00000002 00000020 00000000 0000 0000 0000 0000 1006.3
00073 25.05.16 15:23:52 00000000 00000001 00000028 00000000 0000 0000 0000 0000 1006.3
00074 25.05.16 15:24:52 00000000 00000004 00000030 00000000 0000 0000 0000 0000 1006.3
00075 25.05.16 15:25:52 00000000 00000006 00000040 00000000 0000 0000 0000 0000 1006.3
00076 25.05.16 15:26:52 00000000 00000000 00000029 00000000 0000 0000 0000 0000 1006.3
00077 25.05.16 15:27:52 00000000 00000000 00000017 00000000 0000 0000 0000 0000 1006.3
00078 25.05.16 15:28:52 00000000 00000004 00000035 00000000 0000 0000 0000 0000 1006.3
00079 25.05.16 15:29:52 00000000 00000001 00000030 00000000 0000 0000 0000 0000 1006.3
00080 25.05.16 15:30:52 00000000 00000003 00000034 00000000 0000 0000 0000 0000 1006.3
00081 25.05.16 15:31:52 00000000 00000002 00000035 00000000 0000 0000 0000 0000 1006.3
00082 25.05.16 15:32:52 00000000 00000000 00000027 00000000 0000 0000 0000 0000 1006.3
00083 25.05.16 15:33:52 00000000 00000003 00000029 00000000 0000 0000 0000 0000 1006.3
00084 25.05.16 15:34:52 00000000 00000002 00000035 00000000 0000 0000 0000 0000 1006.4
00085 25.05.16 15:35:52 00000000 00000004 00000023 00000001 0000 0000 0000 0000 1006.4
00086 25.05.16 15:36:52 00000000 00000001 00000007 00000000 0000 0000 0000 0000 1006.5
00087 25.05.16 15:37:52 00000000 00000001 00000009 00000006 0000 0000 0000 0000 1006.4
00088 25.05.16 15:38:52 00000000 00000002 00000018 00000036 0000 0000 0000 0000 1006.4
00089 25.05.16 15:39:52 00000000 00000002 00000025 00000014 0000 0000 0000 0000 1006.3
00090 25.05.16 15:40:52 00000000 00000003 00000022 00000025 0000 0000 0000 0000 1006.3
00091 25.05.16 15:41:52 00012959 00000000 00000018 00000042 0000 0000 0000 0000 1006.4
00092 25.05.16 15:42:52 00019838 00000002 00000017 00000051 0000 0000 0000 0000 1006.3
00093 25.05.16 15:43:52 00025881 00000001 00000024 00000044 0000 0000 0000 0000 1006.4
00094 25.05.16 15:44:52 00033045 00000001 00000020 00000069 0000 0000 0000 0000 1006.3
00095 25.05.16 15:45:52 00040664 00000004 00000024 00000049 0000 0000 0000 0000 1006.3
00096 25.05.16 15:46:52 00047940 00000005 00000027 00000060 0000 0000 0000 0000 1006.3
00097 25.05.16 15:47:52 00055337 00000000 00000031 00000059 0000 0000 0000 0000 1006.3
00098 25.05.16 15:48:52 00060674 00000004 00000028 00000057 0000 0000 0000 0000 1006.3
00099 25.05.16 15:49:52 00063317 00000002 00000022 00000052 0000 0000 0000 0000 1006.4
00100 25.05.16 15:50:52 00064852 00000004 00000022 00000057 0000 0000 0000 0000 1006.4
00101 25.05.16 15:51:52 00062623 00000001 00000018 00000042 0000 0000 0000 0000 1006.3
00102 25.05.16 15:52:52 00062199 00000003 00000033 00000044 0000 0000 0000 0000 1006.4
00103 25.05.16 15:53:52 00061210 00000002 00000023 00000046 0000 0000 0000 0000 1006.4
00104 25.05.16 15:54:52 00060154 00000002 00000028 00000044 0000 0000 0000 0000 1006.4
00105 25.05.16 15:55:52 00058660 00000000 00000030 00000044 0000 0000 0000 0000 1006.4
00106 25.05.16 15:56:52 00057991 00000003 00000024 00000050 0000 0000 0000 0000 1006.4
00107 25.05.16 15:57:52 00056302 00000003 00000032 00000059 0000 0000 0000 0000 1006.5
00108 25.05.16 15:58:52 00055715 00000002 00000040 00000047 0000 0000 0000 0000 1006.5
00109 25.05.16 15:59:52 00056035 00000001 00000021 00000046 0000 0000 0000 0000 1006.5
00110 25.05.16 16:00:52 00057349 00000003 00000028 00000038 0000 0000 0000 0000 1006.5
00111 25.05.16 16:01:52 00056422 00000000 00000036 00000051 0000 0000 0000 0000 1006.6
00112 25.05.16 16:02:52 00055309 00000003 00000023 00000050 0000 0000 0000 0000 1006.6
00113 25.05.16 16:03:52 00055331 00000001 00000028 00000037 0000 0000 0000 0000 1006.5
00114 25.05.16 16:04:52 00054085 00000005 00000022 00000053 0000 0000 0000 0000 1006.5
00115 25.05.16 16:05:52 00053137 00000003 00000027 00000059 0000 0000 0000 0000 1006.5
00116 25.05.16 16:06:52 00053235 00000005 00000027 00000044 0000 0000 0000 0000 1006.5
00117 25.05.16 16:07:52 00052166 00000003 00000027 00000063 0000 0000 0000 0000 1006.5
00118 25.05.16 16:08:52 00052271 00000002 00000023 00000069 0000 0000 0000 0000 1006.5
00119 25.05.16 16:09:52 00052483 00000001 00000026 00000067 0000 0000 0000 0000 1006.5
00120 25.05.16 16:10:52 00051761 00000001 00000024 00000043 0000 0000 0000 0000 1006.5
00121 25.05.16 16:11:52 00051648 00000003 00000025 00000067 0000 0000 0000 0000 1006.5
00122 25.05.16 16:12:52 00051474 00000002 00000024 00000050 0000 0000 0000 0000 1006.5
00123 25.05.16 16:13:52 00051509 00000005 00000029 00000053 0000 0000 0000 0000 1006.5
00124 25.05.16 16:14:52 00051242 00000002 00000027 00000046 0000 0000 0000 0000 1006.5
00125 25.05.16 16:15:52 00051943 00000001 00000022 00000053 0000 0000 0000 0000 1006.5
00126 25.05.16 16:16:52 00051723 00000002 00000025 00000056 0000 0000 0000 0000 1006.5
00127 25.05.16 16:17:52 00050981 00000001 00000028 00000074 0000 0000 0000 0000 1006.4
00128 25.05.16 16:18:52 00051718 00000001 00000022 00000060 0000 0000 0000 0000 1006.4
00129 25.05.16 16:19:52 00051362 00000003 00000031 00000056 0000 0000 0000 0000 1006.4
00130 25.05.16 16:20:52 00051506 00000003 00000029 00000048 0000 0000 0000 0000 1006.4
00131 25.05.16 16:21:52 00051275 00000002 00000029 00000050 0000 0000 0000 0000 1006.4
00132 25.05.16 16:22:52 00051785 00000001 00000029 00000052 0000 0000 0000 0000 1006.4
00133 25.05.16 16:23:52 00051984 00000003 00000028 00000039 0000 0000 0000 0000 1006.4
00134 25.05.16 16:24:52 00051522 00000001 00000028 00000055 0000 0000 0000 0000 1006.4
00135 25.05.16 16:25:52 00051301 00000003 00000017 00000054 0000 0000 0000 0000 1006.4
00136 25.05.16 16:26:52 00051626 00000002 00000021 00000060 0000 0000 0000 0000 1006.4
00137 25.05.16 16:27:52 00052107 00000003 00000019 00000056 0000 0000 0000 0000 1006.4
00138 25.05.16 16:28:52 00050616 00000000 00000033 00000063 0000 0000 0000 0000 1006.5
00139 25.05.16 16:29:52 00051158 00000001 00000030 00000050 0000 0000 0000 0000 1006.4
00140 25.05.16 16:30:52 00050642 00000004 00000030 00000050 0000 0000 0000 0000 1006.4
00141 25.05.16 16:31:52 00050735 00000001 00000026 00000043 0000 0000 0000 0000 1006.4
00142 25.05.16 16:32:52 00049818 00000001 00000016 00000047 0000 0000 0000 0000 1006.4
00143 25.05.16 16:33:52 00048951 00000003 00000015 00000047 0000 0000 0000 0000 1006.5
00144 25.05.16 16:34:52 00048959 00000004 00000013 00000051 0000 0000 0000 0000 1006.4
00145 25.05.16 16:35:52 00048965 00000003 00000007 00000058 0000 0000 0000 0000 1006.4
00146 25.05.16 16:36:52 00049402 00000001 00000016 00000053 0000 0000 0000 0000 1006.4
00147 25.05.16 16:37:52 00048935 00000003 00000017 00000042 0000 0000 0000 0000 1006.4
00148 25.05.16 16:38:52 00049553 00000005 00000011 00000046 0000 0000 0000 0000 1006.4
00149 25.05.16 16:39:52 00042503 00000005 00000005 00000041 0000 0000 0000 0000 1006.4
00150 25.05.16 16:40:52 00045796 00000004 00000012 00000043 0000 0000 0000 0000 1006.4
00151 25.05.16 16:41:52 00045011 00000005 00000006 00000036 0000 0000 0000 0000 1006.4
00152 25.05.16 16:42:52 00044434 00000003 00000011 00000045 0000 0000 0000 0000 1006.4
00153 25.05.16 16:43:52 00043447 00000000 00000007 00000044 0000 0000 0000 0000 1006.4
00154 25.05.16 16:44:52 00043430 00000002 00000014 00000052 0000 0000 0000 0000 1006.4
00155 25.05.16 16:45:52 00042922 00000003 00000018 00000043 0000 0000 0000 0000 1006.4
00156 25.05.16 16:46:52 00042346 00000005 00000017 00000040 0000 0000 0000 0000 1006.4
00157 25.05.16 16:47:52 00042249 00000005 00000012 00000054 0000 0000 0000 0000 1006.4
00158 25.05.16 16:48:52 00042608 00000002 00000010 00000047 0000 0000 0000 0000 1006.4
00159 25.05.16 16:49:52 00043523 00000003 00000008 00000048 0000 0000 0000 0000 1006.4
00160 25.05.16 16:50:52 00045665 00000002 00000012 00000032 0000 0000 0000 0000 1006.4
00161 25.05.16 16:51:52 00034794 00000001 00000007 00000036 0000 0000 0000 0000 1006.4
00162 25.05.16 16:52:52 00032501 00000002 00000007 00000024 0000 0000 0000 0000 1006.4
00163 25.05.16 16:53:52 00003741 00000001 00000003 00000003 0000 0000 0000 0000 1006.4
00164 25.05.16 16:54:52 00002052 00000001 00000004 00000002 0000 0000 0000 0000 1006.3
00165 25.05.16 16:55:52 00011692 00000001 00000007 00000008 0000 0000 0000 0000 1006.3
00166 25.05.16 16:56:52 00000001 00000001 00000005 00000002 0000 0000 0000 0000 1006.4
00167 25.05.16 16:57:52 00000001 00000000 00000005 00000000 0000 0000 0000 0000 1006.3
00168 25.05.16 16:58:52 00000002 00000001 00000003 00000000 0000 0000 0000 0000 1006.5
00169 25.05.16 16:59:52 00000005 00000000 00000007 00000001 0000 0000 0000 0000 1006.4
00170 25.05.16 17:00:52 00005301 00000000 00000004 00000001 0000 0000 0000 0000 1006.5
00171 25.05.16 17:01:52 00007328 00000001 00000004 00000000 0000 0000 0000 0000 1006.5
00172 25.05.16 17:02:52 00007218 00000000 00000003 00000000 0000 0000 0000 0000 1006.3
00173 25.05.16 17:03:52 00008301 00000000 00000003 00000002 0000 0000 0000 0000 1006.3
00174 25.05.16 17:04:52 00008254 00000000 00000004 00000000 0000 0000 0000 0000 1006.3
00175 25.05.16 17:05:52 00006650 00000001 00000003 00000007 0000 0000 0000 0000 1006.3
00176 25.05.16 17:06:52 00003467 00000001 00000002 00000013 0000 0000 0000 0000 1006.4
00177 25.05.16 17:07:52 00002635 00000001 00000001 00000016 0000 0000 0000 0000 1006.3
00178 25.05.16 17:08:52 00002782 00000001 00000005 00000009 0000 0000 0000 0000 1006.3
00179 25.05.16 17:09:52 00004007 00000000 00000012 00000017 0000 0000 0000 0000 1006.3
00180 25.05.16 17:10:52 00006129 00000001 00000013 00000015 0000 0000 0000 0000 1006.3
00181 25.05.16 17:11:52 00010014 00000000 00000004 00000003 0000 0000 0000 0000 1006.3
00182 25.05.16 17:12:52 00009179 00000000 00000003 00000001 0000 0000 0000 0000 1006.3
00183 25.05.16 17:13:52 00007404 00000002 00000003 00000000 0000 0000 0000 0000 1006.3
00184 25.05.16 17:14:52 00005299 00000000 00000000 00000000 0000 0000 0000 0000 1006.3
00185 25.05.16 17:15:52 00003410 00000000 00000006 00000008 0000 0000 0000 0000 1006.3
00186 25.05.16 17:16:52 00002641 00000000 00000005 00000000 0000 0000 0000 0000 1006.2
00187 25.05.16 17:17:52 00002263 00000001 00000002 00000002 0000 0000 0000 0000 1006.3
00188 25.05.16 17:18:52 00002083 00000000 00000003 00000000 0000 0000 0000 0000 1006.3
00189 25.05.16 17:19:52 00002201 00000000 00000002 00000001 0000 0000 0000 0000 1006.3
00190 25.05.16 17:20:52 00002388 00000001 00000006 00000012 0000 0000 0000 0000 1006.2
00191 25.05.16 17:21:52 00001462 00000000 00000002 00000010 0000 0000 0000 0000 1006.4
00192 25.05.16 17:22:52 00001212 00000002 00000016 00000011 0000 0000 0000 0000 1006.3
00193 25.05.16 17:23:52 00001360 00000001 00000007 00000011 0000 0000 0000 0000 1006.3
00194 25.05.16 17:24:52 00002699 00000000 00000010 00000004 0000 0000 0000 0000 1006.2
00195 25.05.16 17:25:52 00003543 00000000 00000001 00000000 0000 0000 0000 0000 1006.3
00196 25.05.16 17:26:52 00001712 00000000 00000003 00000001 0000 0000 0000 0000 1006.3
00197 25.05.16 17:27:52 00000229 00000000 00000005 00000000 0000 0000 0000 0000 1006.2
00198 25.05.16 17:28:52 00000443 00000001 00000000 00000008 0000 0000 0000 0000 1006.1
00199 25.05.16 17:29:52 00000002 00000000 00000004 00000001 0000 0000 0000 0000 1006.2
00200 25.05.16 17:30:52 00000001 00000001 00000005 00000003 0000 0000 0000 0000 1006.2
00201 25.05.16 17:31:52 00000002 00000000 00000005 00000000 0000 0000 0000 0000 1006.1
00202 25.05.16 17:32:52 00000168 00000000 00000003 00000007 0000 0000 0000 0000 1006.2
00203 25.05.16 17:33:52 00000127 00000000 00000006 00000004 0000 0000 0000 0000 1006.2
00204 25.05.16 17:34:52 00000164 00000002 00000004 00000003 0000 0000 0000 0000 1006.2
00205 25.05.16 17:35:52 00000577 00000004 00000004 00000005 0000 0000 0000 0000 1006.2
00206 25.05.16 17:36:52 00000002 00000000 00000003 00000000 0000 0000 0000 0000 1006.2
00207 25.05.16 17:37:52 00000002 00000003 00000002 00000000 0000 0000 0000 0000 1006.3
00208 25.05.16 17:38:52 00000001 00000000 00000004 00000001 0000 0000 0000 0000 1006.3
00209 25.05.16 17:39:52 00000002 00000002 00000004 00000000 0000 0000 0000 0000 1006.2
00210 25.05.16 17:40:52 00000001 00000000 00000000 00000001 0000 0000 0000 0000 1006.2
00211 25.05.16 17:41:52 00000002 00000000 00000003 00000000 0000 0000 0000 0000 1006.2
00212 25.05.16 17:42:52 00000118 00000000 00000006 00000003 0000 0000 0000 0000 1006.2
00213 25.05.16 17:43:52 00000078 00000001 00000002 00000000 0000 0000 0000 0000 1006.2
00214 25.05.16 17:44:52 00000002 00000000 00000003 00000000 0000 0000 0000 0000 1006.2
00215 25.05.16 17:45:52 00000000 00000001 00000001 00000001 0000 0000 0000 0000 1006.3
00216 25.05.16 17:46:52 00000002 00000000 00000003 00000001 0000 0000 0000 0000 1006.3
00217 25.05.16 17:47:52 00001008 00000001 00000002 00000001 0000 0000 0000 0000 1006.3
00218 25.05.16 17:48:52 00001168 00000001 00000004 00000002 0000 0000 0000 0000 1006.2
00219 25.05.16 17:49:52 00000675 00000000 00000001 00000003 0000 0000 0000 0000 1006.2
00220 25.05.16 17:50:52 00000213 00000000 00000005 00000003 0000 0000 0000 0000 1006.2
00221 25.05.16 17:51:52 00000529 00000000 00000004 00000008 0000 0000 0000 0000 1006.2
00222 25.05.16 17:52:52 00000641 00000000 00000004 00000005 0000 0000 0000 0000 1006.3
00223 25.05.16 17:53:52 00000528 00000001 00000010 00000007 0000 0000 0000 0000 1006.2
00224 25.05.16 17:54:52 00000637 00000000 00000003 00000005 0000 0000 0000 0000 1006.2
00225 25.05.16 17:55:52 00001176 00000000 00000004 00000008 0000 0000 0000 0000 1006.2
00226 25.05.16 17:56:52 00001094 00000000 00000005 00000002 0000 0000 0000 0000 1006.3
00227 25.05.16 17:57:52 00000998 00000000 00000003 00000002 0000 0000 0000 0000 1006.3
00228 25.05.16 17:58:52 00000180 00000001 00000002 00000000 0000 0000 0000 0000 1006.2
00229 25.05.16 17:59:52 00000683 00000000 00000003 00000001 0000 0000 0000 0000 1006.2
00230 25.05.16 18:00:52 00001383 00000000 00000003 00000001 0000 0000 0000 0000 1006.2
00231 25.05.16 18:01:52 00001092 00000000 00000007 00000003 0000 0000 0000 0000 1006.2
00232 25.05.16 18:02:52 00000367 00000001 00000005 00000008 0000 0000 0000 0000 1006.2
00233 25.05.16 18:03:52 00000233 00000000 00000006 00000008 0000 0000 0000 0000 1006.2
00234 25.05.16 18:04:52 00000093 00000002 00000006 00000000 0000 0000 0000 0000 1006.2
00235 25.05.16 18:05:52 00000089 00000001 00000004 00000002 0000 0000 0000 0000 1006.2
00236 25.05.16 18:06:52 00000094 00000000 00000004 00000003 0000 0000 0000 0000 1006.2
00237 25.05.16 18:07:52 00000118 00000000 00000004 00000007 0000 0000 0000 0000 1006.2
00238 25.05.16 18:08:52 00000138 00000001 00000005 00000010 0000 0000 0000 0000 1006.2
00239 25.05.16 18:09:52 00000177 00000001 00000003 00000004 0000 0000 0000 0000 1006.2
00240 25.05.16 18:10:52 00000174 00000000 00000006 00000009 0000 0000 0000 0000 1006.2
00241 25.05.16 18:11:52 00000173 00000001 00000006 00000008 0000 0000 0000 0000 1006.2
00242 25.05.16 18:12:52 00000173 00000000 00000007 00000001 0000 0000 0000 0000 1006.2
00243 25.05.16 18:13:52 00000203 00000000 00000008 00000008 0000 0000 0000 0000 1006.1
00244 25.05.16 18:14:52 00000196 00000000 00000008 00000011 0000 0000 0000 0000 1006.1
00245 25.05.16 18:15:52 00000167 00000000 00000006 00000008 0000 0000 0000 0000 1006.1
00246 25.05.16 18:16:52 00000216 00000001 00000005 00000005 0000 0000 0000 0000 1006.1
00247 25.05.16 18:17:52 00000252 00000000 00000003 00000006 0000 0000 0000 0000 1006.2
00248 25.05.16 18:18:52 00000405 00000001 00000012 00000009 0000 0000 0000 0000 1006.2
00249 25.05.16 18:19:52 00000569 00000002 00000008 00000009 0000 0000 0000 0000 1006.1
00250 25.05.16 18:20:52 00000878 00000001 00000004 00000007 0000 0000 0000 0000 1006.1
00251 25.05.16 18:21:52 00001330 00000003 00000012 00000006 0000 0000 0000 0000 1006.1
00252 25.05.16 18:22:52 00001779 00000001 00000009 00000007 0000 0000 0000 0000 1006.2
00253 25.05.16 18:23:52 00001940 00000001 00000008 00000011 0000 0000 0000 0000 1006.2
00254 25.05.16 18:24:52 00001984 00000001 00000006 00000013 0000 0000 0000 0000 1006.1
00255 25.05.16 18:25:52 00001832 00000001 00000012 00000014 0000 0000 0000 0000 1006.3
00256 25.05.16 18:26:52 00001951 00000000 00000006 00000010 0000 0000 0000 0000 1006.2
00257 25.05.16 18:27:52 00001943 00000001 00000012 00000013 0000 0000 0000 0000 1006.2
00258 25.05.16 18:28:52 00002066 00000003 00000011 00000008 0000 0000 0000 0000 1006.2
00259 25.05.16 18:29:52 00002145 00000002 00000011 00000008 0000 0000 0000 0000 1006.3
00260 25.05.16 18:30:52 00002124 00000000 00000011 00000014 0000 0000 0000 0000 1006.3
00261 25.05.16 18:31:52 00002171 00000000 00000006 00000016 0000 0000 0000 0000 1006.3
00262 25.05.16 18:32:52 00002182 00000000 00000008 00000005 0000 0000 0000 0000 1006.4
00263 25.05.16 18:33:52 00002188 00000001 00000014 00000025 0000 0000 0000 0000 1006.3
00264 25.05.16 18:34:52 00003747 00000002 00000006 00000011 0000 0000 0000 0000 1006.3
00265 25.05.16 18:35:52 00002463 00000002 00000009 00000009 0000 0000 0000 0000 1006.3
00266 25.05.16 18:36:52 00002779 00000001 00000007 00000012 0000 0000 0000 0000 1006.3
00267 25.05.16 18:37:52 00003806 00000000 00000010 00000017 0000 0000 0000 0000 1006.3
00268 25.05.16 18:38:52 00004905 00000002 00000010 00000009 0000 0000 0000 0000 1006.3
00269 25.05.16 18:39:52 00006314 00000003 00000014 00000027 0000 0000 0000 0000 1006.4
00270 25.05.16 18:40:52 00008288 00000001 00000007 00000019 0000 0000 0000 0000 1006.2
00271 25.05.16 18:41:52 00010104 00000003 00000017 00000019 0000 0000 0000 0000 1006.4
00272 25.05.16 18:42:52 00011662 00000000 00000018 00000020 0000 0000 0000 0000 1006.3
00273 25.05.16 18:43:52 00012301 00000000 00000017 00000023 0000 0000 0000 0000 1006.3
00274 25.05.16 18:44:52 00013431 00000002 00000016 00000031 0000 0000 0000 0000 1006.3
00275 25.05.16 18:45:52 00016834 00000001 00000008 00000017 0000 0000 0000 0000 1006.2
00276 25.05.16 18:46:52 00020268 00000000 00000023 00000029 0000 0000 0000 0000 1006.2
00277 25.05.16 18:47:52 00022506 00000004 00000015 00000019 0000 0000 0000 0000 1006.3
00278 25.05.16 18:48:52 00032429 00000003 00000019 00000035 0000 0000 0000 0000 1006.3
00279 25.05.16 18:49:52 00049597 00000004 00000012 00000046 0000 0000 0000 0000 1006.3
00280 25.05.16 18:50:52 00013229 00000000 00000020 00000012 0000 0000 0000 0000 1006.3
00281 25.05.16 18:51:52 00002334 00000000 00000004 00000006 0000 0000 0000 0000 1006.4
00282 25.05.16 18:52:52 00009283 00000002 00000002 00000009 0000 0000 0000 0000 1006.3
00283 25.05.16 18:53:52 00000746 00000000 00000004 00000001 0000 0000 0000 0000 1006.3
00284 25.05.16 18:54:52 00000819 00000000 00000005 00000004 0000 0000 0000 0000 1006.3
00285 25.05.16 18:55:52 00002092 00000000 00000004 00000003 0000 0000 0000 0000 1006.2
00286 25.05.16 18:56:52 00000002 00000000 00000004 00000000 0000 0000 0000 0000 1006.3
00287 25.05.16 18:57:52 00000001 00000001 00000005 00000001 0000 0000 0000 0000 1006.3
00288 25.05.16 18:58:52 00000003 00000000 00000003 00000000 0000 0000 0000 0000 1006.3
00289 25.05.16 18:59:52 00000001 00000000 00000002 00000001 0000 0000 0000 0000 1006.4
00290 25.05.16 19:00:52 00003420 00000001 00000004 00000002 0000 0000 0000 0000 1006.4
00291 25.05.16 19:01:52 00001948 00000000 00000004 00000003 0000 0000 0000 0000 1006.4
00292 25.05.16 19:02:52 00000001 00000000 00000003 00000000 0000 0000 0000 0000 1006.4
00293 25.05.16 19:03:52 00000001 00000000 00000004 00000000 0000 0000 0000 0000 1006.4
00294 25.05.16 19:04:52 00000001 00000000 00000003 00000000 0000 0000 0000 0000 1006.4
00295 25.05.16 19:05:52 00002166 00000001 00000009 00000009 0000 0000 0000 0000 1006.3
00296 25.05.16 19:06:52 00003099 00000000 00000005 00000010 0000 0000 0000 0000 1006.4
00297 25.05.16 19:07:52 00002811 00000000 00000006 00000012 0000 0000 0000 0000 1006.3
00298 25.05.16 19:08:52 00003009 00000000 00000011 00000009 0000 0000 0000 0000 1006.4
00299 25.05.16 19:09:52 00003404 00000002 00000007 00000016 0000 0000 0000 0000 1006.3
00300 25.05.16 19:10:52 00003914 00000003 00000010 00000011 0000 0000 0000 0000 1006.4
00301 25.05.16 19:11:52 00004490 00000001 00000014 00000010 0000 0000 0000 0000 1006.4
00302 25.05.16 19:12:52 00005441 00000002 00000009 00000021 0000 0000 0000 0000 1006.4
00303 25.05.16 19:13:52 00006998 00000000 00000010 00000017 0000 0000 0000 0000 1006.4
00304 25.05.16 19:14:52 00005464 00000002 00000009 00000012 0000 0000 0000 0000 1006.3
00305 25.05.16 19:15:52 00006045 00000000 00000015 00000021 0000 0000 0000 0000 1006.4
00306 25.05.16 19:16:52 00006841 00000000 00000014 00000010 0000 0000 0000 0000 1006.3
00307 25.05.16 19:17:52 00007890 00000002 00000013 00000010 0000 0000 0000 0000 1006.3
00308 25.05.16 19:18:52 00008854 00000003 00000014 00000025 0000 0000 0000 0000 1006.4
00309 25.05.16 19:19:52 00009657 00000000 00000007 00000005 0000 0000 0000 0000 1006.3
00310 25.05.16 19:20:52 00006359 00000000 00000012 00000016 0000 0000 0000 0000 1006.4
00311 25.05.16 19:21:52 00007205 00000002 00000012 00000014 0000 0000 0000 0000 1006.3
00312 25.05.16 19:22:52 00008491 00000001 00000011 00000025 0000 0000 0000 0000 1006.3
00313 25.05.16 19:23:52 00008901 00000000 00000010 00000015 0000 0000 0000 0000 1006.3
00314 25.05.16 19:24:52 00008710 00000002 00000009 00000020 0000 0000 0000 0000 1006.3
00315 25.05.16 19:25:52 00008625 00000002 00000012 00000024 0000 0000 0000 0000 1006.3
00316 25.05.16 19:26:52 00008646 00000000 00000017 00000020 0000 0000 0000 0000 1006.3
00317 25.05.16 19:27:52 00008586 00000001 00000017 00000016 0000 0000 0000 0000 1006.3
00318 25.05.16 19:28:52 00009619 00000001 00000005 00000009 0000 0000 0000 0000 1006.3
00319 25.05.16 19:29:52 00007653 00000001 00000015 00000023 0000 0000 0000 0000 1006.3
00320 25.05.16 19:30:52 00010025 00000001 00000007 00000021 0000 0000 0000 0000 1006.3
00321 25.05.16 19:31:52 00013126 00000000 00000010 00000015 0000 0000 0000 0000 1006.3
00322 25.05.16 19:32:52 00016207 00000000 00000009 00000018 0000 0000 0000 0000 1006.4
00323 25.05.16 19:33:52 00019842 00000000 00000005 00000026 0000 0000 0000 0000 1006.3
00324 25.05.16 19:34:52 00021817 00000003 00000012 00000022 0000 0000 0000 0000 1006.4
00325 25.05.16 19:35:52 00023345 00000001 00000018 00000022 0000 0000 0000 0000 1006.4
00326 25.05.16 19:36:52 00024773 00000001 00000014 00000022 0000 0000 0000 0000 1006.3
00327 25.05.16 19:37:52 00027542 00000003 00000013 00000021 0000 0000 0000 0000 1006.4
00328 25.05.16 19:38:52 00030433 00000001 00000026 00000033 0000 0000 0000 0000 1006.4
00329 25.05.16 19:39:52 00018577 00000001 00000014 00000008 0000 0000 0000 0000 1006.4
00330 25.05.16 19:40:52 00001373 00000000 00000001 00000001 0000 0000 0000 0000 1006.4
00331 25.05.16 19:41:52 00001611 00000001 00000001 00000000 0000 0000 0000 0000 1006.4
00332 25.05.16 19:42:52 00006671 00000000 00000007 00000001 0000 0000 0000 0000 1006.5
00333 25.05.16 19:43:52 00011249 00000002 00000009 00000016 0000 0000 0000 0000 1006.5
00334 25.05.16 19:44:52 00011499 00000003 00000010 00000009 0000 0000 0000 0000 1006.4
00335 25.05.16 19:45:52 00011757 00000001 00000015 00000023 0000 0000 0000 0000 1006.4
00336 25.05.16 19:46:52 00012595 00000001 00000011 00000019 0000 0000 0000 0000 1006.4
00337 25.05.16 19:47:52 00013790 00000000 00000016 00000023 0000 0000 0000 0000 1006.5
00338 25.05.16 19:48:52 00016210 00000001 00000015 00000034 0000 0000 0000 0000 1006.4
00339 25.05.16 19:49:52 00018432 00000003 00000017 00000022 0000 0000 0000 0000 1006.4
00340 25.05.16 19:50:52 00021119 00000002 00000009 00000016 0000 0000 0000 0000 1006.4
00341 25.05.16 19:51:52 00022684 00000004 00000017 00000021 0000 0000 0000 0000 1006.4
00342 25.05.16 19:52:52 00023482 00000001 00000016 00000021 0000 0000 0000 0000 1006.5
00343 25.05.16 19:53:52 00024142 00000001 00000018 00000029 0000 0000 0000 0000 1006.5
00344 25.05.16 19:54:52 00027495 00000000 00000016 00000020 0000 0000 0000 0000 1006.5
00345 25.05.16 19:55:52 00035005 00000000 00000019 00000034 0000 0000 0000 0000 1006.5
00346 25.05.16 19:56:52 00038449 00000003 00000028 00000040 0000 0000 0000 0000 1006.5
00347 25.05.16 19:57:52 00040220 00000000 00000019 00000041 0000 0000 0000 0000 1006.4
00348 25.05.16 19:58:52 00041553 00000000 00000020 00000047 0000 0000 0000 0000 1006.5
00349 25.05.16 19:59:52 00042867 00000003 00000021 00000036 0000 0000 0000 0000 1006.4
00350 25.05.16 20:00:52 00043682 00000003 00000022 00000051 0000 0000 0000 0000 1006.5
00351 25.05.16 20:01:52 00042043 00000001 00000014 00000029 0000 0000 0000 0000 1006.4
00352 25.05.16 20:02:52 00038816 00000005 00000025 00000034 0000 0000 0000 0000 1006.5
00353 25.05.16 20:03:52 00043485 00000003 00000019 00000036 0000 0000 0000 0000 1006.5
00354 25.05.16 20:04:52 00048290 00000003 00000030 00000037 0000 0000 0000 0000 1006.5
00355 25.05.16 20:05:52 00055235 00000001 00000032 00000052 0000 0000 0000 0000 1006.5
00356 25.05.16 20:06:52 00060980 00000004 00000031 00000060 0000 0000 0000 0000 1006.5
00357 25.05.16 20:07:52 00061490 00000006 00000030 00000059 0000 0000 0000 0000 1006.5
00358 25.05.16 20:08:52 00058392 00000000 00000023 00000051 0000 0000 0000 0000 1006.5
00359 25.05.16 20:09:52 00055324 00000001 00000025 00000054 0000 0000 0000 0000 1006.4
00360 25.05.16 20:10:52 00053299 00000004 00000028 00000056 0000 0000 0000 0000 1006.5
00361 25.05.16 20:11:52 00052433 00000004 00000019 00000052 0000 0000 0000 0000 1006.5
00362 25.05.16 20:12:52 00050765 00000001 00000031 00000051 0000 0000 0000 0000 1006.4
00363 25.05.16 20:13:52 00049616 00000001 00000030 00000053 0000 0000 0000 0000 1006.4
00364 25.05.16 20:14:52 00048558 00000003 00000024 00000049 0000 0000 0000 0000 1006.6
00365 25.05.16 20:15:52 00048330 00000000 00000023 00000047 0000 0000 0000 0000 1006.5
00366 25.05.16 20:16:52 00047601 00000005 00000029 00000042 0000 0000 0000 0000 1006.5
00367 25.05.16 20:17:52 00046662 00000003 00000025 00000054 0000 0000 0000 0000 1006.5
00368 25.05.16 20:18:52 00045376 00000002 00000024 00000050 0000 0000 0000 0000 1006.5
00369 25.05.16 20:19:52 00045655 00000004 00000030 00000043 0000 0000 0000 0000 1006.5
00370 25.05.16 20:20:52 00044294 00000003 00000033 00000055 0000 0000 0000 0000 1006.5
00371 25.05.16 20:21:52 00044032 00000003 00000022 00000058 0000 0000 0000 0000 1006.5
00372 25.05.16 20:22:52 00044029 00000005 00000026 00000042 0000 0000 0000 0000 1006.5
00373 25.05.16 20:23:52 00043432 00000004 00000019 00000040 0000 0000 0000 0000 1006.5
00374 25.05.16 20:24:52 00043982 00000001 00000027 00000059 0000 0000 0000 0000 1006.5
00375 25.05.16 20:25:52 00043573 00000004 00000024 00000042 0000 0000 0000 0000 1006.5
00376 25.05.16 20:26:52 00042884 00000005 00000024 00000042 0000 0000 0000 0000 1006.5
00377 25.05.16 20:27:52 00043059 00000003 00000027 00000047 0000 0000 0000 0000 1006.5
00378 25.05.16 20:28:52 00042814 00000003 00000025 00000043 0000 0000 0000 0000 1006.5
00379 25.05.16 20:29:52 00042913 00000003 00000029 00000040 0000 0000 0000 0000 1006.5
00380 25.05.16 20:30:52 00043319 00000001 00000025 00000059 0000 0000 0000 0000 1006.5
00381 25.05.16 20:31:52 00042957 00000001 00000022 00000046 0000 0000 0000 0000 1006.5
00382 25.05.16 20:32:52 00043229 00000004 00000030 00000037 0000 0000 0000 0000 1006.5
00383 25.05.16 20:33:52 00043325 00000001 00000023 00000053 0000 0000 0000 0000 1006.5
00384 25.05.16 20:34:52 00042763 00000001 00000027 00000040 0000 0000 0000 0000 1006.5
00385 25.05.16 20:35:52 00043204 00000002 00000027 00000032 0000 0000 0000 0000 1006.5
00386 25.05.16 20:36:52 00043047 00000005 00000024 00000024 0000 0000 0000 0000 1006.5
00387 25.05.16 20:37:52 00042844 00000000 00000033 00000050 0000 0000 0000 0000 1006.5
00388 25.05.16 20:38:52 00042718 00000000 00000028 00000044 0000 0000 0000 0000 1006.5
00389 25.05.16 20:39:52 00042903 00000004 00000031 00000052 0000 0000 0000 0000 1006.5
00390 25.05.16 20:40:52 00042318 00000004 00000027 00000040 0000 0000 0000 0000 1006.6
00391 25.05.16 20:41:52 00041513 00000003 00000029 00000039 0000 0000 0000 0000 1006.6
00392 25.05.16 20:42:52 00042037 00000001 00000029 00000031 0000 0000 0000 0000 1006.5
00393 25.05.16 20:43:52 00041589 00000002 00000025 00000044 0000 0000 0000 0000 1006.6
00394 25.05.16 20:44:52 00040248 00000001 00000036 00000051 0000 0000 0000 0000 1006.6
00395 25.05.16 20:45:52 00040772 00000004 00000015 00000032 0000 0000 0000 0000 1006.6
00396 25.05.16 20:46:52 00042873 00000001 00000024 00000041 0000 0000 0000 0000 1006.6
00397 25.05.16 20:47:52 00045143 00000002 00000032 00000034 0000 0000 0000 0000 1006.6
00398 25.05.16 20:48:52 00046192 00000002 00000028 00000038 0000 0000 0000 0000 1006.6
00399 25.05.16 20:49:52 00044834 00000004 00000026 00000045 0000 0000 0000 0000 1006.7
00400 25.05.16 20:50:52 00044478 00000005 00000025 00000054 0000 0000 0000 0000 1006.7
00401 25.05.16 20:51:52 00043191 00000001 00000029 00000043 0000 0000 0000 0000 1006.7
00402 25.05.16 20:52:52 00042765 00000004 00000032 00000039 0000 0000 0000 0000 1006.7
00403 25.05.16 20:53:52 00041820 00000003 00000022 00000042 0000 0000 0000 0000 1006.6
00404 25.05.16 20:54:52 00042343 00000005 00000034 00000032 0000 0000 0000 0000 1006.7
00405 25.05.16 20:55:52 00040732 00000006 00000031 00000034 0000 0000 0000 0000 1006.6
00406 25.05.16 20:56:52 00041099 00000002 00000028 00000037 0000 0000 0000 0000 1006.7
00407 25.05.16 20:57:52 00040572 00000001 00000035 00000043 0000 0000 0000 0000 1006.7
00408 25.05.16 20:58:52 00041951 00000004 00000033 00000033 0000 0000 0000 0000 1006.7
00409 25.05.16 20:59:52 00041612 00000001 00000019 00000033 0000 0000 0000 0000 1006.7
00410 25.05.16 21:00:52 00041385 00000001 00000034 00000032 0000 0000 0000 0000 1006.8
00411 25.05.16 21:01:52 00041282 00000004 00000024 00000026 0000 0000 0000 0000 1006.8
00412 25.05.16 21:02:52 00040869 00000002 00000039 00000042 0000 0000 0000 0000 1006.8
00413 25.05.16 21:03:52 00040089 00000004 00000030 00000032 0000 0000 0000 0000 1006.8
00414 25.05.16 21:04:52 00040685 00000002 00000022 00000035 0000 0000 0000 0000 1006.8
00415 25.05.16 21:05:52 00041276 00000003 00000022 00000044 0000 0000 0000 0000 1006.8
00416 25.05.16 21:06:52 00041077 00000001 00000023 00000031 0000 0000 0000 0000 1006.7
00417 25.05.16 21:07:52 00040869 00000003 00000029 00000030 0000 0000 0000 0000 1006.7
00418 25.05.16 21:08:52 00040968 00000002 00000030 00000037 0000 0000 0000 0000 1006.7
00419 25.05.16 21:09:52 00042965 00000002 00000025 00000038 0000 0000 0000 0000 1006.7
00420 25.05.16 21:10:52 00042633 00000002 00000029 00000028 0000 0000 0000 0000 1006.9
00421 25.05.16 21:11:52 00042131 00000004 00000030 00000040 0000 0000 0000 0000 1006.8
00422 25.05.16 21:12:52 00041198 00000001 00000031 00000035 0000 0000 0000 0000 1006.7
00423 25.05.16 21:13:52 00040819 00000003 00000030 00000030 0000 0000 0000 0000 1006.9
00424 25.05.16 21:14:52 00041537 00000000 00000022 00000027 0000 0000 0000 0000 1006.9
00425 25.05.16 21:15:52 00042422 00000003 00000032 00000024 0000 0000 0000 0000 1006.7
00426 25.05.16 21:16:52 00041946 00000002 00000030 00000032 0000 0000 0000 0000 1006.8
00427 25.05.16 21:17:52 00040080 00000005 00000021 00000029 0000 0000 0000 0000 1006.8
00428 25.05.16 21:18:52 00041108 00000001 00000030 00000036 0000 0000 0000 0000 1006.8
00429 25.05.16 21:19:52 00042428 00000001 00000027 00000033 0000 0000 0000 0000 1006.9
00430 25.05.16 21:20:52 00042726 00000003 00000018 00000024 0000 0000 0000 0000 1007.0
00431 25.05.16 21:21:52 00042152 00000004 00000025 00000022 0000 0000 0000 0000 1006.9
00432 25.05.16 21:22:52 00042650 00000001 00000018 00000037 0000 0000 0000 0000 1006.9
00433 25.05.16 21:23:52 00041770 00000003 00000029 00000029 0000 0000 0000 0000 1006.8
00434 25.05.16 21:24:52 00042472 00000001 00000031 00000022 0000 0000 0000 0000 1006.9
00435 25.05.16 21:25:52 00041894 00000003 00000025 00000028 0000 0000 0000 0000 1006.9
00436 25.05.16 21:26:52 00042919 00000001 00000021 00000028 0000 0000 0000 0000 1006.9
00437 25.05.16 21:27:52 00041851 00000000 00000032 00000028 0000 0000 0000 0000 1006.9
00438 25.05.16 21:28:52 00041819 00000004 00000023 00000034 0000 0000 0000 0000 1006.9
00439 25.05.16 21:29:52 00040798 00000006 00000033 00000024 0000 0000 0000 0000 1006.9
00440 25.05.16 21:30:52 00041594 00000000 00000015 00000033 0000 0000 0000 0000 1006.9
00441 25.05.16 21:31:52 00041072 00000003 00000027 00000026 0000 0000 0000 0000 1006.9
00442 25.05.16 21:32:52 00041141 00000001 00000022 00000023 0000 0000 0000 0000 1006.9
00443 25.05.16 21:33:52 00041271 00000000 00000027 00000018 0000 0000 0000 0000 1006.9
00444 25.05.16 21:34:52 00040626 00000005 00000024 00000033 0000 0000 0000 0000 1006.9
00445 25.05.16 21:35:52 00041455 00000001 00000025 00000026 0000 0000 0000 0000 1006.8
00446 25.05.16 21:36:52 00040941 00000006 00000038 00000022 0000 0000 0000 0000 1006.8
00447 25.05.16 21:37:52 00041133 00000003 00000027 00000016 0000 0000 0000 0000 1006.9
00448 25.05.16 21:38:52 00040005 00000002 00000025 00000024 0000 0000 0000 0000 1007.0
00449 25.05.16 21:39:52 00041255 00000003 00000023 00000021 0000 0000 0000 0000 1006.9
00450 25.05.16 21:40:52 00040139 00000001 00000029 00000020 0000 0000 0000 0000 1006.9
00451 25.05.16 21:41:52 00040844 00000004 00000035 00000020 0000 0000 0000 0000 1006.9
00452 25.05.16 21:42:52 00040004 00000003 00000028 00000029 0000 0000 0000 0000 1006.9
00453 25.05.16 21:43:52 00040494 00000004 00000028 00000018 0000 0000 0000 0000 1006.9
00454 25.05.16 21:44:52 00040021 00000003 00000031 00000031 0000 0000 0000 0000 1006.9
00455 25.05.16 21:45:52 00040006 00000004 00000025 00000025 0000 0000 0000 0000 1006.9
00456 25.05.16 21:46:52 00041187 00000003 00000027 00000009 0000 0000 0000 0000 1007.0
00457 25.05.16 21:47:52 00040696 00000002 00000021 00000023 0000 0000 0000 0000 1007.0
00458 25.05.16 21:48:52 00039528 00000002 00000013 00000022 0000 0000 0000 0000 1007.0
00459 25.05.16 21:49:52 00040184 00000002 00000023 00000025 0000 0000 0000 0000 1007.0
00460 25.05.16 21:50:52 00040929 00000004 00000030 00000024 0000 0000 0000 0000 1007.0
00461 25.05.16 21:51:52 00040463 00000000 00000020 00000018 0000 0000 0000 0000 1007.0
00462 25.05.16 21:52:52 00041213 00000002 00000022 00000017 0000 0000 0000 0000 1006.9
00463 25.05.16 21:53:52 00039427 00000003 00000033 00000019 0000 0000 0000 0000 1007.0
00464 25.05.16 21:54:52 00040709 00000001 00000022 00000026 0000 0000 0000 0000 1007.0
00465 25.05.16 21:55:52 00040955 00000002 00000026 00000014 0000 0000 0000 0000 1006.9
00466 25.05.16 21:56:52 00008202 00000000 00000009 00000004 0000 0000 0000 0000 1006.9
00467 25.05.16 21:57:52 00000002 00000000 00000003 00000000 0000 0000 0000 0000 1006.9
00468 25.05.16 21:58:52 00000000 00000001 00000001 00000002 0000 0000 0000 0000 1007.0
00469 25.05.16 21:59:52 00000003 00000000 00000002 00000000 0000 0000 0000 0000 1006.9
00470 25.05.16 22:00:52 00000003 00000001 00000003 00000001 0000 0000 0000 0000 1006.9
00471 25.05.16 22:01:52 00000003 00000000 00000003 00000001 0000 0000 0000 0000 1007.0
00472 25.05.16 22:02:52 00000002 00000000 00000002 00000001 0000 0000 0000 0000 1007.0
00473 25.05.16 22:03:52 00000003 00000000 00000003 00000001 0000 0000 0000 0000 1007.0
00474 25.05.16 22:04:52 00000001 00000001 00000003 00000000 0000 0000 0000 0000 1006.9
00475 25.05.16 22:05:52 00000003 00000000 00000003 00000000 0000 0000 0000 0000 1006.9
00476 25.05.16 22:06:52 00000002 00000000 00000005 00000001 0000 0000 0000 0000 1007.0
00477 25.05.16 22:07:52 00000002 00000000 00000002 00000000 0000 0000 0000 0000 1007.0
00478 25.05.16 22:08:52 00000005 00000000 00000002 00000001 0000 0000 0000 0000 1006.9
00479 25.05.16 22:09:52 00000002 00000001 00000004 00000000 0000 0000 0000 0000 1007.0
00480 25.05.16 22:10:52 00000001 00000002 00000003 00000001 0000 0000 0000 0000 1007.0
00481 25.05.16 22:11:52 00000001 00000000 00000001 00000000 0000 0000 0000 0000 1007.0
00482 25.05.16 22:12:52 00000004 00000000 00000001 00000001 0000 0000 0000 0000 1007.0
00483 25.05.16 22:13:52 00000004 00000000 00000008 00000000 0000 0000 0000 0000 1007.0
00484 25.05.16 22:14:52 00000000 00000000 00000004 00000001 0000 0000 0000 0000 1007.0
00485 25.05.16 22:15:52 00000000 00000000 00000001 00000000 0000 0000 0000 0000 1007.0
00486 25.05.16 22:16:52 00000000 00000000 00000001 00000000 0000 0000 0000 0000 1007.0
00487 25.05.16 22:17:52 00000002 00000000 00000001 00000000 0000 0000 0000 0000 1007.0
00488 25.05.16 22:18:52 00000001 00000000 00000003 00000000 0000 0000 0000 0000 1007.1
00489 25.05.16 22:19:52 00000004 00000000 00000000 00000000 0000 0000 0000 0000 1007.0
00490 25.05.16 22:20:52 00000000 00000000 00000005 00000002 0000 0000 0000 0000 1007.0
00491 25.05.16 22:21:52 00000001 00000001 00000001 00000000 0000 0000 0000 0000 1007.0
00492 25.05.16 22:22:52 00000001 00000000 00000004 00000000 0000 0000 0000 0000 1007.0
00493 25.05.16 22:23:52 00000002 00000000 00000003 00000000 0000 0000 0000 0000 1007.1
00494 25.05.16 22:24:52 00000001 00000001 00000003 00000000 0000 0000 0000 0000 1007.0
00495 25.05.16 22:25:52 00000000 00000000 00000006 00000000 0000 0000 0000 0000 1007.1
00496 25.05.16 22:26:52 00000002 00000000 00000004 00000000 0000 0000 0000 0000 1007.1
00497 25.05.16 22:27:52 00000005 00000000 00000005 00000001 0000 0000 0000 0000 1007.0
00498 25.05.16 22:28:52 00000001 00000000 00000005 00000000 0000 0000 0000 0000 1007.1
00499 25.05.16 22:29:52 00000001 00000000 00000001 00000000 0000 0000 0000 0000 1007.0
00500 25.05.16 22:30:52 00000000 00000000 00000003 00000000 0000 0000 0000 0000 1007.0
00501 25.05.16 22:31:52 00000004 00000000 00000003 00000000 0000 0000 0000 0000 1007.0
00502 25.05.16 22:32:52 00000004 00000000 00000002 00000000 0000 0000 0000 0000 1007.0
00503 25.05.16 22:33:52 00000001 00000001 00000005 00000000 0000 0000 0000 0000 1007.0
00504 25.05.16 22:34:52 00000001 00000001 00000004 00000000 0000 0000 0000 0000 1007.1
00505 25.05.16 22:35:52 00000004 00000000 00000002 00000001 0000 0000 0000 0000 1007.1
00506 25.05.16 22:36:52 00000000 00000000 00000001 00000000 0000 0000 0000 0000 1007.1
00507 25.05.16 22:37:52 00000001 00000000 00000003 00000000 0000 0000 0000 0000 1007.1
00508 25.05.16 22:38:52 00000003 00000000 00000005 00000000 0000 0000 0000 0000 1007.1
00509 25.05.16 22:39:52 00000001 00000002 00000005 00000000 0000 0000 0000 0000 1007.1
00510 25.05.16 22:40:52 00000001 00000000 00000003 00000000 0000 0000 0000 0000 1007.1
00511 25.05.16 22:41:52 00000002 00000001 00000004 00000000 0000 0000 0000 0000 1007.1
00512 25.05.16 22:42:52 00000001 00000001 00000007 00000000 0000 0000 0000 0000 1007.0
00513 25.05.16 22:43:52 00000003 00000001 00000002 00000002 0000 0000 0000 0000 1007.1
00514 25.05.16 22:44:52 00000001 00000000 00000001 00000000 0000 0000 0000 0000 1007.1
00515 25.05.16 22:45:52 00000004 00000000 00000003 00000001 0000 0000 0000 0000 1007.1
00516 25.05.16 22:46:52 00000001 00000001 00000003 00000001 0000 0000 0000 0000 1007.1
00517 25.05.16 22:47:52 00000002 00000000 00000004 00000001 0000 0000 0000 0000 1007.0
00518 25.05.16 22:48:52 00000001 00000000 00000003 00000001 0000 0000 0000 0000 1007.2
00519 25.05.16 22:49:52 00000003 00000001 00000001 00000000 0000 0000 0000 0000 1007.1
00520 25.05.16 22:50:52 00000004 00000000 00000004 00000000 0000 0000 0000 0000 1007.0
00521 25.05.16 22:51:52 00000000 00000000 00000004 00000000 0000 0000 0000 0000 1007.0
00522 25.05.16 22:52:52 00000000 00000000 00000004 00000002 0000 0000 0000 0000 1007.1
00523 25.05.16 22:53:52 00000001 00000000 00000004 00000001 0000 0000 0000 0000 1007.1
00524 25.05.16 22:54:52 00000002 00000000 00000004 00000001 0000 0000 0000 0000 1007.1
00525 25.05.16 22:55:52 00000002 00000000 00000003 00000000 0000 0000 0000 0000 1007.1
00526 25.05.16 22:56:52 00000004 00000001 00000003 00000000 0000 0000 0000 0000 1007.1
00527 25.05.16 22:57:52 00000001 00000000 00000004 00000000 0000 0000 0000 0000 1007.1
00528 25.05.16 22:58:52 00000002 00000000 00000003 00000000 0000 0000 0000 0000 1007.2
00529 25.05.16 22:59:52 00000001 00000000 00000003 00000000 0000 0000 0000 0000 1007.1
00530 25.05.16 23:00:52 00000003 00000001 00000003 00000001 0000 0000 0000 0000 1007.2
00531 25.05.16 23:01:52 00000003 00000000 00000005 00000000 0000 0000 0000 0000 1007.2
00532 25.05.16 23:02:52 00000002 00000001 00000003 00000000 0000 0000 0000 0000 1007.2
00533 25.05.16 23:03:52 00000003 00000000 00000002 00000000 0000 0000 0000 0000 1007.2
00534 25.05.16 23:04:52 00000004 00000000 00000002 00000001 0000 0000 0000 0000 1007.2
00535 25.05.16 23:05:52 00000000 00000001 00000001 00000000 0000 0000 0000 0000 1007.1
00536 25.05.16 23:06:52 00000000 00000001 00000001 00000000 0000 0000 0000 0000 1007.1
00537 25.05.16 23:07:52 00000001 00000000 00000002 00000000 0000 0000 0000 0000 1007.1
00538 25.05.16 23:08:52 00000005 00000002 00000004 00000000 0000 0000 0000 0000 1007.1
00539 25.05.16 23:09:52 00000003 00000000 00000006 00000000 0000 0000 0000 0000 1007.1
00540 25.05.16 23:10:52 00000001 00000000 00000007 00000000 0000 0000 0000 0000 1007.1
00541 25.05.16 23:11:52 00000000 00000002 00000002 00000001 0000 0000 0000 0000 1007.1
00542 25.05.16 23:12:52 00000001 00000000 00000005 00000001 0000 0000 0000 0000 1007.1
00543 25.05.16 23:13:52 00000001 00000000 00000005 00000000 0000 0000 0000 0000 1007.1
00544 25.05.16 23:14:52 00000002 00000000 00000004 00000000 0000 0000 0000 0000 1007.1
00545 25.05.16 23:15:52 00000003 00000000 00000003 00000001 0000 0000 0000 0000 1007.1
00546 25.05.16 23:16:52 00000001 00000000 00000001 00000000 0000 0000 0000 0000 1007.1
00547 25.05.16 23:17:52 00000003 00000000 00000001 00000000 0000 0000 0000 0000 1007.1
00548 25.05.16 23:18:52 00000000 00000000 00000003 00000001 0000 0000 0000 0000 1007.1
00549 25.05.16 23:19:52 00000003 00000002 00000003 00000001 0000 0000 0000 0000 1007.1
00550 25.05.16 23:20:52 00000003 00000000 00000003 00000000 0000 0000 0000 0000 1007.1
00551 25.05.16 23:21:52 00000000 00000000 00000002 00000000 0000 0000 0000 0000 1007.1
00552 25.05.16 23:22:52 00000002 00000000 00000005 00000000 0000 0000 0000 0000 1007.1
00553 25.05.16 23:23:52 00000002 00000000 00000004 00000000 0000 0000 0000 0000 1007.1
00554 25.05.16 23:24:52 00000002 00000000 00000003 00000002 0000 0000 0000 0000 1007.1
00555 25.05.16 23:25:52 00000001 00000000 00000004 00000000 0000 0000 0000 0000 1007.1
00556 25.05.16 23:26:52 00000001 00000001 00000001 00000000 0000 0000 0000 0000 1007.2
00557 25.05.16 23:27:52 00000000 00000000 00000002 00000000 0000 0000 0000 0000 1007.2
00558 25.05.16 23:28:52 00000005 00000000 00000001 00000001 0000 0000 0000 0000 1007.1
00559 25.05.16 23:29:52 00000000 00000000 00000005 00000000 0000 0000 0000 0000 1007.1
00560 25.05.16 23:30:52 00000003 00000000 00000004 00000000 0000 0000 0000 0000 1007.1
00561 25.05.16 23:31:52 00000001 00000000 00000005 00000000 0000 0000 0000 0000 1007.1
00562 25.05.16 23:32:52 00000001 00000000 00000006 00000000 0000 0000 0000 0000 1007.2
00563 25.05.16 23:33:52 00000003 00000000 00000000 00000000 0000 0000 0000 0000 1007.2
00564 25.05.16 23:34:52 00000002 00000000 00000005 00000000 0000 0000 0000 0000 1007.2
00565 25.05.16 23:35:52 00000002 00000000 00000002 00000000 0000 0000 0000 0000 1007.1
00566 25.05.16 23:36:52 00000002 00000001 00000002 00000000 0000 0000 0000 0000 1007.2
00567 25.05.16 23:37:52 00000001 00000000 00000001 00000000 0000 0000 0000 0000 1007.2
00568 25.05.16 23:38:52 00000002 00000000 00000006 00000001 0000 0000 0000 0000 1007.1
00569 25.05.16 23:39:52 00000002 00000000 00000003 00000000 0000 0000 0000 0000 1007.1
00570 25.05.16 23:40:52 00000000 00000001 00000001 00000000 0000 0000 0000 0000 1007.1
00571 25.05.16 23:41:52 00000002 00000001 00000003 00000000 0000 0000 0000 0000 1007.2
00572 25.05.16 23:42:52 00000002 00000002 00000005 00000000 0000 0000 0000 0000 1007.2
00573 25.05.16 23:43:52 00000002 00000000 00000005 00000000 0000 0000 0000 0000 1007.2
00574 25.05.16 23:44:52 00000001 00000000 00000003 00000000 0000 0000 0000 0000 1007.2
00575 25.05.16 23:45:52 00000000 00000002 00000003 00000000 0000 0000 0000 0000 1007.2
00576 25.05.16 23:46:52 00000001 00000000 00000004 00000000 0000 0000 0000 0000 1007.2
00577 25.05.16 23:47:52 00000001 00000000 00000003 00000000 0000 0000 0000 0000 1007.2
00578 25.05.16 23:48:52 00000003 00000001 00000003 00000000 0000 0000 0000 0000 1007.2
00579 25.05.16 23:49:52 00000002 00000000 00000004 00000001 0000 0000 0000 0000 1007.3
00580 25.05.16 23:50:52 00000001 00000001 00000007 00000000 0000 0000 0000 0000 1007.2
00581 25.05.16 23:51:52 00000000 00000000 00000006 00000001 0000 0000 0000 0000 1007.3
00582 25.05.16 23:52:52 00000002 00000000 00000000 00000000 0000 0000 0000 0000 1007.1
00583 25.05.16 23:53:52 00000001 00000000 00000005 00000000 0000 0000 0000 0000 1007.2
00584 25.05.16 23:54:52 00000003 00000000 00000004 00000000 0000 0000 0000 0000 1007.3
00585 25.05.16 23:55:52 00000002 00000001 00000003 00000001 0000 0000 0000 0000 1007.2
00586 25.05.16 23:56:52 00000003 00000000 00000005 00000001 0000 0000 0000 0000 1007.3
00587 25.05.16 23:57:52 00000002 00000000 00000003 00000000 0000 0000 0000 0000 1007.2
00588 25.05.16 23:58:52 00000003 00000000 00000005 00000000 0000 0000 0000 0000 1007.3
00589 25.05.16 23:59:52 00000006 00000000 00000005 00000000 0000 0000 0000 0000 1007.2
