00001 10.04.16 00:47:29 00000000 00000000 00000022 00000000 0000 0000 0000 0000 1000.9
00002 10.04.16 01:47:29 00000000 00000030 00045450 00000204 0000 0000 0000 0000 1001.0
00003 10.04.16 02:47:29 00000000 00000038 00045615 00000203 0000 0000 0000 0000 1001.0
00004 10.04.16 03:47:29 00000000 00000038 00045085 00000219 0000 0000 0000 0000 1001.1
00005 10.04.16 04:47:29 00000000 00000034 00045139 00000190 0000 0000 0000 0000 1001.1
00006 10.04.16 05:47:29 00000000 00000040 00045368 00000188 0000 0000 0000 0000 1001.0
00007 10.04.16 06:47:29 00000000 00000039 00045487 00000205 0000 0000 0000 0000 1001.1
00008 10.04.16 07:47:29 00000000 00000024 00045453 00000192 0000 0000 0000 0000 1001.2
00009 10.04.16 08:47:29 00000000 00000037 00045468 00000211 0000 0000 0000 0000 1001.2
00010 10.04.16 09:47:29 00000000 00000039 00045000 00000188 0000 0000 0000 0000 1001.3
00011 10.04.16 10:47:29 00000000 00000037 00045489 00000186 0000 0000 0000 0000 1001.4
00012 10.04.16 11:47:29 00000000 00000035 00045538 00000187 0000 0000 0000 0000 1001.3
00013 10.04.16 12:47:29 00000000 00000029 00045517 00000190 0000 0000 0000 0000 1001.4
00014 10.04.16 13:47:29 00000000 00000039 00045144 00000209 0000 0000 0000 0000 1001.5
00015 10.04.16 14:47:29 00000000 00000028 00045691 00000178 0000 0000 0000 0000 1001.7
00016 10.04.16 15:47:29 00000000 00000032 00045360 00000217 0000 0000 0000 0000 1001.6
00017 10.04.16 16:47:29 00000000 00000025 00045383 00000191 0000 0000 0000 0000 1001.8
00018 10.04.16 17:47:29 00000000 00000026 00045367 00000237 0000 0000 0000 0000 1001.9
00019 10.04.16 18:47:29 00000000 00000037 00045338 00000205 0000 0000 0000 0000 1002.0
00020 10.04.16 19:47:29 00000000 00000028 00045426 00000186 0000 0000 0000 0000 1002.0
00021 10.04.16 20:47:29 00000000 00000039 00044986 00000182 0000 0000 0000 0000 1002.1
00022 10.04.16 21:47:29 00000000 00000034 00044869 00000203 0000 0000 0000 0000 1002.1
00023 10.04.16 22:47:29 00000000 00000029 00045385 00000205 0000 0000 0000 0000 1002.1
00024 10.04.16 23:47:29 00000000 00000025 00045920 00000186 0000 0000 0000 0000 1002.3
