00001 06.04.16 00:47:29 00000000 00000000 00000001 00000008 0000 0000 0000 0000  996.7
00002 06.04.16 01:47:29 00000000 00000025 00000035 00017174 0000 0000 0000 0000  996.5
00003 06.04.16 02:47:29 00000000 00000023 00000025 00017012 0000 0000 0000 0000  996.5
00004 06.04.16 03:47:29 00000000 00000034 00000021 00017236 0000 0000 0000 0000  996.5
00005 06.04.16 04:47:29 00000000 00000018 00000039 00017223 0000 0000 0000 0000  996.6
00006 06.04.16 05:47:29 00000000 00000029 00000037 00017211 0000 0000 0000 0000  996.6
00007 06.04.16 06:47:29 00000000 00000026 00000029 00016924 0000 0000 0000 0000  996.5
00008 06.04.16 07:47:29 00000000 00000034 00000028 00017167 0000 0000 0000 0000  996.6
00009 06.04.16 08:47:29 00000000 00000025 00000037 00017222 0000 0000 0000 0000  996.8
00010 06.04.16 09:47:29 00000003 00018450 00000036 00009906 0000 0000 0000 0000  997.2
00011 06.04.16 10:47:29 00000000 00045414 00000042 00000178 0000 0000 0000 0000  997.2
00012 06.04.16 11:47:29 00000000 00045539 00000035 00000230 0000 0000 0000 0000  997.3
00013 06.04.16 12:47:29 00000000 00045825 00000106 00000193 0000 0000 0000 0000 1001.0
00014 06.04.16 13:47:29 00000000 00045632 00000036 00000207 0000 0000 0000 0000 1001.5
00015 06.04.16 14:47:29 00000000 00046005 00000038 00000216 0000 0000 0000 0000 1001.4
00016 06.04.16 15:47:29 00000000 00046200 00000035 00000220 0000 0000 0000 0000 1001.2
00017 06.04.16 16:47:29 00000000 00045672 00000043 00000218 0000 0000 0000 0000 1001.1
00018 06.04.16 17:47:29 00000000 00046548 00000033 00000189 0000 0000 0000 0000 1001.1
00019 06.04.16 18:47:29 00000000 00046203 00000039 00000225 0000 0000 0000 0000 1001.0
00020 06.04.16 19:47:29 00000000 00046332 00000059 00000206 0000 0000 0000 0000 1001.0
00021 06.04.16 20:47:29 00000000 00045881 00000036 00000180 0000 0000 0000 0000 1000.8
00022 06.04.16 21:47:29 00000000 00045820 00000036 00000219 0000 0000 0000 0000 1000.6
00023 06.04.16 22:47:29 00000000 00046004 00000059 00000190 0000 0000 0000 0000 1000.5
00024 06.04.16 23:47:29 00000000 00046014 00000038 00000219 0000 0000 0000 0000 1000.6
