00001 04.06.16 00:00:52 00000000 00000000 00000000 00000000 0000 0000 0000 0000 1003.3
00002 04.06.16 00:01:52 00000001 00000000 00000001 00000000 0000 0000 0000 0000 1003.3
00003 04.06.16 00:02:52 00000000 00000001 00000001 00000000 0000 0000 0000 0000 1003.3
00004 04.06.16 00:03:52 00000001 00000001 00000001 00000001 0000 0000 0000 0000 1003.2
00005 04.06.16 00:04:52 00000001 00000001 00000003 00000000 0000 0000 0000 0000 1003.3
00006 04.06.16 00:05:52 00000001 00000000 00000001 00000000 0000 0000 0000 0000 1003.3
00007 04.06.16 00:06:52 00000002 00000000 00000005 00000000 0000 0000 0000 0000 1003.4
00008 04.06.16 00:07:52 00000001 00000000 00000000 00000001 0000 0000 0000 0000 1003.3
00009 04.06.16 00:08:52 00000001 00000000 00000002 00000001 0000 0000 0000 0000 1003.3
00010 04.06.16 00:09:52 00000002 00000000 00000006 00000000 0000 0000 0000 0000 1003.4
00011 04.06.16 00:10:52 00000001 00000001 00000002 00000000 0000 0000 0000 0000 1003.4
00012 04.06.16 00:11:52 00000001 00000001 00000003 00000000 0000 0000 0000 0000 1003.4
00013 04.06.16 00:12:52 00000001 00000000 00000003 00000001 0000 0000 0000 0000 1003.4
00014 04.06.16 00:13:52 00000003 00000001 00000005 00000001 0000 0000 0000 0000 1003.4
00015 04.06.16 00:14:52 00000003 00000001 00000002 00000001 0000 0000 0000 0000 1003.4
00016 04.06.16 00:15:52 00000002 00000000 00000002 00000000 0000 0000 0000 0000 1003.4
00017 04.06.16 00:16:52 00000002 00000000 00000003 00000000 0000 0000 0000 0000 1003.4
00018 04.06.16 00:17:52 00000001 00000000 00000005 00000001 0000 0000 0000 0000 1003.4
00019 04.06.16 00:18:52 00000001 00000002 00000006 00000000 0000 0000 0000 0000 1003.4
00020 04.06.16 00:19:52 00000002 00000001 00000001 00000000 0000 0000 0000 0000 1003.4
00021 04.06.16 00:20:52 00000003 00000000 00000004 00000001 0000 0000 0000 0000 1003.4
00022 04.06.16 00:21:52 00000000 00000000 00000000 00000000 0000 0000 0000 0000 1003.4
00023 04.06.16 00:22:52 00000003 00000000 00000003 00000003 0000 0000 0000 0000 1003.4
00024 04.06.16 00:23:52 00000003 00000000 00000004 00000000 0000 0000 0000 0000 1003.4
00025 04.06.16 00:24:52 00000004 00000001 00000003 00000000 0000 0000 0000 0000 1003.4
00026 04.06.16 00:25:52 00000000 00000001 00000002 00000001 0000 0000 0000 0000 1003.4
00027 04.06.16 00:26:52 00000003 00000000 00000007 00000001 0000 0000 0000 0000 1003.4
00028 04.06.16 00:27:52 00000002 00000000 00000003 00000000 0000 0000 0000 0000 1003.4
00029 04.06.16 00:28:52 00000003 00000001 00000001 00000001 0000 0000 0000 0000 1003.4
00030 04.06.16 00:29:52 00000003 00000000 00000004 00000000 0000 0000 0000 0000 1003.4
00031 04.06.16 00:30:52 00000002 00000000 00000003 00000000 0000 0000 0000 0000 1003.4
00032 04.06.16 00:31:52 00000000 00000000 00000003 00000000 0000 0000 0000 0000 1003.4
00033 04.06.16 00:32:52 00000002 00000002 00000005 00000001 0000 0000 0000 0000 1003.4
00034 04.06.16 00:33:52 00000002 00000000 00000004 00000001 0000 0000 0000 0000 1003.4
00035 04.06.16 00:34:52 00000001 00000000 00000007 00000000 0000 0000 0000 0000 1003.3
00036 04.06.16 00:35:52 00000003 00000002 00000002 00000000 0000 0000 0000 0000 1003.3
00037 04.06.16 00:36:52 00000001 00000000 00000006 00000000 0000 0000 0000 0000 1003.3
00038 04.06.16 00:37:52 00000004 00000000 00000005 00000000 0000 0000 0000 0000 1003.3
00039 04.06.16 00:38:52 00000002 00000001 00000001 00000000 0000 0000 0000 0000 1003.2
00040 04.06.16 00:39:52 00000001 00000001 00000004 00000000 0000 0000 0000 0000 1003.3
00041 04.06.16 00:40:52 00000000 00000000 00000004 00000000 0000 0000 0000 0000 1003.3
00042 04.06.16 00:41:52 00000001 00000000 00000006 00000000 0000 0000 0000 0000 1003.3
00043 04.06.16 00:42:52 00000001 00000000 00000002 00000000 0000 0000 0000 0000 1003.3
00044 04.06.16 00:43:52 00000001 00000001 00000006 00000000 0000 0000 0000 0000 1003.2
00045 04.06.16 00:44:52 00000000 00000001 00000001 00000000 0000 0000 0000 0000 1003.3
00046 04.06.16 00:45:52 00000001 00000000 00000004 00000002 0000 0000 0000 0000 1003.2
00047 04.06.16 00:46:52 00000003 00000001 00000006 00000001 0000 0000 0000 0000 1003.3
00048 04.06.16 00:47:52 00000003 00000000 00000004 00000000 0000 0000 0000 0000 1003.2
00049 04.06.16 00:48:52 00000001 00000001 00000003 00000001 0000 0000 0000 0000 1003.2
00050 04.06.16 00:49:52 00000000 00000001 00000004 00000001 0000 0000 0000 0000 1003.2
00051 04.06.16 00:50:52 00000003 00000001 00000004 00000001 0000 0000 0000 0000 1003.2
00052 04.06.16 00:51:52 00000000 00000001 00000003 00000000 0000 0000 0000 0000 1003.2
00053 04.06.16 00:52:52 00000000 00000003 00000004 00000000 0000 0000 0000 0000 1003.2
00054 04.06.16 00:53:52 00000002 00000000 00000003 00000000 0000 0000 0000 0000 1003.2
00055 04.06.16 00:54:52 00000002 00000000 00000007 00000001 0000 0000 0000 0000 1003.3
00056 04.06.16 00:55:52 00000002 00000002 00000001 00000001 0000 0000 0000 0000 1003.2
00057 04.06.16 00:56:52 00000001 00000000 00000002 00000000 0000 0000 0000 0000 1003.2
00058 04.06.16 00:57:52 00000003 00000000 00000004 00000000 0000 0000 0000 0000 1003.2
00059 04.06.16 00:58:52 00000003 00000002 00000004 00000001 0000 0000 0000 0000 1003.2
00060 04.06.16 00:59:52 00000004 00000000 00000006 00000000 0000 0000 0000 0000 1003.2
00061 04.06.16 01:00:52 00000003 00000000 00000002 00000000 0000 0000 0000 0000 1003.2
00062 04.06.16 01:01:52 00000001 00000002 00000005 00000001 0000 0000 0000 0000 1003.2
00063 04.06.16 01:02:52 00000002 00000001 00000003 00000000 0000 0000 0000 0000 1003.2
00064 04.06.16 01:03:52 00000001 00000000 00000005 00000001 0000 0000 0000 0000 1003.2
00065 04.06.16 01:04:52 00000002 00000000 00000005 00000001 0000 0000 0000 0000 1003.2
00066 04.06.16 01:05:52 00000002 00000000 00000008 00000001 0000 0000 0000 0000 1003.3
00067 04.06.16 01:06:52 00000002 00000000 00000001 00000001 0000 0000 0000 0000 1003.2
00068 04.06.16 01:07:52 00000001 00000000 00000004 00000000 0000 0000 0000 0000 1003.2
00069 04.06.16 01:08:52 00000002 00000000 00000000 00000001 0000 0000 0000 0000 1003.2
00070 04.06.16 01:09:52 00000001 00000000 00000001 00000001 0000 0000 0000 0000 1003.2
00071 04.06.16 01:10:52 00000001 00000000 00000004 00000001 0000 0000 0000 0000 1003.2
00072 04.06.16 01:11:52 00000003 00000000 00000007 00000000 0000 0000 0000 0000 1003.2
00073 04.06.16 01:12:52 00000000 00000001 00000004 00000000 0000 0000 0000 0000 1003.2
00074 04.06.16 01:13:52 00000000 00000001 00000005 00000000 0000 0000 0000 0000 1003.2
00075 04.06.16 01:14:52 00000002 00000001 00000000 00000000 0000 0000 0000 0000 1003.2
00076 04.06.16 01:15:52 00000000 00000000 00000004 00000001 0000 0000 0000 0000 1003.3
00077 04.06.16 01:16:52 00000004 00000000 00000003 00000002 0000 0000 0000 0000 1003.3
00078 04.06.16 01:17:52 00000002 00000000 00000001 00000000 0000 0000 0000 0000 1003.3
00079 04.06.16 01:18:52 00000003 00000001 00000003 00000000 0000 0000 0000 0000 1003.3
00080 04.06.16 01:19:52 00000003 00000000 00000002 00000000 0000 0000 0000 0000 1003.3
00081 04.06.16 01:20:52 00000002 00000001 00000004 00000000 0000 0000 0000 0000 1003.3
00082 04.06.16 01:21:52 00000001 00000001 00000003 00000000 0000 0000 0000 0000 1003.2
00083 04.06.16 01:22:52 00000001 00000001 00000005 00000001 0000 0000 0000 0000 1003.3
00084 04.06.16 01:23:52 00000002 00000000 00000000 00000000 0000 0000 0000 0000 1003.2
00085 04.06.16 01:24:52 00000001 00000000 00000002 00000000 0000 0000 0000 0000 1003.3
00086 04.06.16 01:25:52 00000003 00000000 00000002 00000000 0000 0000 0000 0000 1003.3
00087 04.06.16 01:26:52 00000003 00000001 00000004 00000001 0000 0000 0000 0000 1003.3
00088 04.06.16 01:27:52 00000001 00000000 00000007 00000001 0000 0000 0000 0000 1003.3
00089 04.06.16 01:28:52 00000003 00000001 00000008 00000000 0000 0000 0000 0000 1003.3
00090 04.06.16 01:29:52 00000002 00000000 00000003 00000002 0000 0000 0000 0000 1003.3
00091 04.06.16 01:30:52 00000000 00000001 00000000 00000000 0000 0000 0000 0000 1003.3
00092 04.06.16 01:31:52 00000001 00000001 00000003 00000001 0000 0000 0000 0000 1003.3
00093 04.06.16 01:32:52 00000002 00000001 00000003 00000001 0000 0000 0000 0000 1003.3
00094 04.06.16 01:33:52 00000000 00000000 00000002 00000000 0000 0000 0000 0000 1003.3
00095 04.06.16 01:34:52 00000004 00000000 00000003 00000000 0000 0000 0000 0000 1003.3
00096 04.06.16 01:35:52 00000000 00000000 00000000 00000001 0000 0000 0000 0000 1003.3
00097 04.06.16 01:36:52 00000000 00000000 00000000 00000000 0000 0000 0000 0000 1003.3
00098 04.06.16 01:37:52 00000000 00000000 00000002 00000000 0000 0000 0000 0000 1003.3
00099 04.06.16 01:38:52 00000002 00000000 00000003 00000000 0000 0000 0000 0000 1003.3
00100 04.06.16 01:39:52 00000002 00000001 00000005 00000002 0000 0000 0000 0000 1003.3
00101 04.06.16 01:40:52 00000000 00000001 00000005 00000000 0000 0000 0000 0000 1003.3
00102 04.06.16 01:41:52 00000002 00000000 00000001 00000001 0000 0000 0000 0000 1003.3
00103 04.06.16 01:42:52 00000000 00000000 00000005 00000000 0000 0000 0000 0000 1003.3
00104 04.06.16 01:43:52 00000000 00000000 00000002 00000002 0000 0000 0000 0000 1003.3
00105 04.06.16 01:44:52 00000003 00000000 00000002 00000000 0000 0000 0000 0000 1003.3
00106 04.06.16 01:45:52 00000003 00000000 00000005 00000000 0000 0000 0000 0000 1003.4
00107 04.06.16 01:46:52 00000001 00000000 00000003 00000000 0000 0000 0000 0000 1003.4
00108 04.06.16 01:47:52 00000003 00000000 00000002 00000000 0000 0000 0000 0000 1003.4
00109 04.06.16 01:48:52 00000002 00000001 00000002 00000001 0000 0000 0000 0000 1003.4
00110 04.06.16 01:49:52 00000001 00000001 00000004 00000000 0000 0000 0000 0000 1003.4
00111 04.06.16 01:50:52 00000000 00000000 00000003 00000000 0000 0000 0000 0000 1003.4
00112 04.06.16 01:51:52 00000002 00000001 00000005 00000000 0000 0000 0000 0000 1003.4
00113 04.06.16 01:52:52 00000003 00000001 00000001 00000000 0000 0000 0000 0000 1003.4
00114 04.06.16 01:53:52 00000001 00000000 00000008 00000001 0000 0000 0000 0000 1003.4
00115 04.06.16 01:54:52 00000001 00000001 00000004 00000000 0000 0000 0000 0000 1003.4
00116 04.06.16 01:55:52 00000001 00000000 00000003 00000000 0000 0000 0000 0000 1003.3
00117 04.06.16 01:56:52 00000002 00000000 00000004 00000000 0000 0000 0000 0000 1003.4
00118 04.06.16 01:57:52 00000003 00000001 00000002 00000002 0000 0000 0000 0000 1003.4
00119 04.06.16 01:58:52 00000001 00000000 00000001 00000000 0000 0000 0000 0000 1003.3
00120 04.06.16 01:59:52 00000000 00000000 00000004 00000000 0000 0000 0000 0000 1003.4
00121 04.06.16 02:00:52 00000001 00000000 00000000 00000001 0000 0000 0000 0000 1003.4
00122 04.06.16 02:01:52 00000001 00000001 00000003 00000001 0000 0000 0000 0000 1003.4
00123 04.06.16 02:02:52 00000004 00000001 00000003 00000000 0000 0000 0000 0000 1003.4
00124 04.06.16 02:03:52 00000001 00000000 00000006 00000000 0000 0000 0000 0000 1003.3
00125 04.06.16 02:04:52 00000000 00000002 00000002 00000001 0000 0000 0000 0000 1003.4
00126 04.06.16 02:05:52 00000001 00000000 00000001 00000000 0000 0000 0000 0000 1003.5
00127 04.06.16 02:06:52 00000002 00000000 00000005 00000000 0000 0000 0000 0000 1003.4
00128 04.06.16 02:07:52 00000002 00000001 00000002 00000000 0000 0000 0000 0000 1003.4
00129 04.06.16 02:08:52 00000003 00000000 00000004 00000001 0000 0000 0000 0000 1003.4
00130 04.06.16 02:09:52 00000004 00000002 00000003 00000000 0000 0000 0000 0000 1003.4
00131 04.06.16 02:10:52 00000002 00000001 00000004 00000000 0000 0000 0000 0000 1003.4
00132 04.06.16 02:11:52 00000001 00000001 00000002 00000000 0000 0000 0000 0000 1003.5
00133 04.06.16 02:12:52 00000002 00000001 00000002 00000001 0000 0000 0000 0000 1003.4
00134 04.06.16 02:13:52 00000001 00000000 00000005 00000001 0000 0000 0000 0000 1003.4
00135 04.06.16 02:14:52 00000001 00000000 00000002 00000000 0000 0000 0000 0000 1003.4
00136 04.06.16 02:15:52 00000006 00000000 00000007 00000000 0000 0000 0000 0000 1003.4
00137 04.06.16 02:16:52 00000001 00000000 00000004 00000000 0000 0000 0000 0000 1003.3
00138 04.06.16 02:17:52 00000002 00000000 00000001 00000000 0000 0000 0000 0000 1003.4
00139 04.06.16 02:18:52 00000000 00000000 00000007 00000000 0000 0000 0000 0000 1003.3
00140 04.06.16 02:19:52 00000000 00000001 00000001 00000002 0000 0000 0000 0000 1003.4
00141 04.06.16 02:20:52 00000003 00000000 00000003 00000001 0000 0000 0000 0000 1003.4
00142 04.06.16 02:21:52 00000001 00000000 00000002 00000000 0000 0000 0000 0000 1003.4
00143 04.06.16 02:22:52 00000001 00000000 00000003 00000000 0000 0000 0000 0000 1003.4
00144 04.06.16 02:23:52 00000000 00000000 00000006 00000001 0000 0000 0000 0000 1003.4
00145 04.06.16 02:24:52 00000001 00000000 00000002 00000000 0000 0000 0000 0000 1003.4
00146 04.06.16 02:25:52 00000002 00000001 00000006 00000000 0000 0000 0000 0000 1003.5
00147 04.06.16 02:26:52 00000001 00000001 00000004 00000001 0000 0000 0000 0000 1003.5
00148 04.06.16 02:27:52 00000001 00000000 00000005 00000002 0000 0000 0000 0000 1003.4
00149 04.06.16 02:28:52 00000000 00000000 00000000 00000001 0000 0000 0000 0000 1003.5
00150 04.06.16 02:29:52 00000001 00000000 00000004 00000000 0000 0000 0000 0000 1003.5
00151 04.06.16 02:30:52 00000001 00000000 00000003 00000000 0000 0000 0000 0000 1003.4
00152 04.06.16 02:31:52 00000000 00000000 00000006 00000000 0000 0000 0000 0000 1003.4
00153 04.06.16 02:32:52 00000000 00000001 00000005 00000001 0000 0000 0000 0000 1003.4
00154 04.06.16 02:33:52 00000003 00000000 00000003 00000001 0000 0000 0000 0000 1003.5
00155 04.06.16 02:34:52 00000001 00000000 00000006 00000001 0000 0000 0000 0000 1003.4
00156 04.06.16 02:35:52 00000003 00000000 00000005 00000000 0000 0000 0000 0000 1003.3
00157 04.06.16 02:36:52 00000001 00000000 00000002 00000001 0000 0000 0000 0000 1003.5
00158 04.06.16 02:37:52 00000002 00000000 00000000 00000000 0000 0000 0000 0000 1003.3
00159 04.06.16 02:38:52 00000005 00000000 00000002 00000001 0000 0000 0000 0000 1003.3
00160 04.06.16 02:39:52 00000001 00000000 00000002 00000000 0000 0000 0000 0000 1003.5
00161 04.06.16 02:40:52 00000001 00000000 00000006 00000001 0000 0000 0000 0000 1003.3
00162 04.06.16 02:41:52 00000001 00000000 00000002 00000000 0000 0000 0000 0000 1003.3
00163 04.06.16 02:42:52 00000001 00000001 00000001 00000000 0000 0000 0000 0000 1003.3
00164 04.06.16 02:43:52 00000001 00000000 00000006 00000000 0000 0000 0000 0000 1003.3
00165 04.06.16 02:44:52 00000003 00000002 00000005 00000000 0000 0000 0000 0000 1003.3
00166 04.06.16 02:45:52 00000002 00000000 00000003 00000000 0000 0000 0000 0000 1003.3
00167 04.06.16 02:46:52 00000002 00000000 00000000 00000002 0000 0000 0000 0000 1003.3
00168 04.06.16 02:47:52 00000001 00000001 00000006 00000000 0000 0000 0000 0000 1003.3
00169 04.06.16 02:48:52 00000001 00000000 00000007 00000001 0000 0000 0000 0000 1003.3
00170 04.06.16 02:49:52 00000002 00000001 00000002 00000000 0000 0000 0000 0000 1003.3
00171 04.06.16 02:50:52 00000002 00000000 00000007 00000000 0000 0000 0000 0000 1003.3
00172 04.06.16 02:51:52 00000000 00000001 00000000 00000000 0000 0000 0000 0000 1003.3
00173 04.06.16 02:52:52 00000002 00000000 00000004 00000000 0000 0000 0000 0000 1003.3
00174 04.06.16 02:53:52 00000003 00000000 00000006 00000002 0000 0000 0000 0000 1003.3
00175 04.06.16 02:54:52 00000001 00000002 00000002 00000001 0000 0000 0000 0000 1003.3
00176 04.06.16 02:55:52 00000000 00000002 00000002 00000002 0000 0000 0000 0000 1003.3
00177 04.06.16 02:56:52 00000002 00000001 00000008 00000001 0000 0000 0000 0000 1003.4
00178 04.06.16 02:57:52 00000004 00000001 00000005 00000000 0000 0000 0000 0000 1003.3
00179 04.06.16 02:58:52 00000002 00000001 00000003 00000001 0000 0000 0000 0000 1003.3
00180 04.06.16 02:59:52 00000003 00000000 00000003 00000000 0000 0000 0000 0000 1003.4
00181 04.06.16 03:00:52 00000000 00000000 00000005 00000001 0000 0000 0000 0000 1003.4
00182 04.06.16 03:01:52 00000004 00000000 00000004 00000001 0000 0000 0000 0000 1003.4
00183 04.06.16 03:02:52 00000002 00000000 00000003 00000000 0000 0000 0000 0000 1003.4
00184 04.06.16 03:03:52 00000002 00000001 00000002 00000000 0000 0000 0000 0000 1003.4
00185 04.06.16 03:04:52 00000003 00000000 00000003 00000000 0000 0000 0000 0000 1003.4
00186 04.06.16 03:05:52 00000003 00000001 00000005 00000000 0000 0000 0000 0000 1003.4
00187 04.06.16 03:06:52 00000001 00000002 00000006 00000000 0000 0000 0000 0000 1003.4
00188 04.06.16 03:07:52 00000001 00000001 00000000 00000001 0000 0000 0000 0000 1003.4
00189 04.06.16 03:08:52 00000000 00000001 00000007 00000000 0000 0000 0000 0000 1003.5
00190 04.06.16 03:09:52 00000002 00000000 00000003 00000001 0000 0000 0000 0000 1003.5
00191 04.06.16 03:10:52 00000004 00000000 00000003 00000000 0000 0000 0000 0000 1003.4
00192 04.06.16 03:11:52 00000003 00000000 00000002 00000001 0000 0000 0000 0000 1003.4
00193 04.06.16 03:12:52 00000001 00000000 00000004 00000000 0000 0000 0000 0000 1003.4
00194 04.06.16 03:13:52 00000001 00000000 00000002 00000000 0000 0000 0000 0000 1003.4
00195 04.06.16 03:14:52 00000001 00000001 00000005 00000001 0000 0000 0000 0000 1003.4
00196 04.06.16 03:15:52 00000002 00000000 00000001 00000001 0000 0000 0000 0000 1003.4
00197 04.06.16 03:16:52 00000002 00000000 00000005 00000001 0000 0000 0000 0000 1003.5
00198 04.06.16 03:17:52 00000002 00000000 00000006 00000000 0000 0000 0000 0000 1003.5
00199 04.06.16 03:18:52 00000000 00000001 00000000 00000000 0000 0000 0000 0000 1003.4
00200 04.06.16 03:19:52 00000001 00000002 00000004 00000000 0000 0000 0000 0000 1003.4
00201 04.06.16 03:20:52 00000002 00000000 00000006 00000001 0000 0000 0000 0000 1003.4
00202 04.06.16 03:21:52 00000002 00000001 00000001 00000000 0000 0000 0000 0000 1003.4
00203 04.06.16 03:22:52 00000002 00000000 00000002 00000000 0000 0000 0000 0000 1003.5
00204 04.06.16 03:23:52 00000001 00000001 00000004 00000000 0000 0000 0000 0000 1003.4
00205 04.06.16 03:24:52 00000002 00000003 00000003 00000000 0000 0000 0000 0000 1003.5
00206 04.06.16 03:25:52 00000001 00000002 00000002 00000000 0000 0000 0000 0000 1003.5
00207 04.06.16 03:26:52 00000000 00000000 00000002 00000001 0000 0000 0000 0000 1003.5
00208 04.06.16 03:27:52 00000002 00000000 00000005 00000000 0000 0000 0000 0000 1003.5
00209 04.06.16 03:28:52 00000000 00000000 00000005 00000000 0000 0000 0000 0000 1003.5
00210 04.06.16 03:29:52 00000001 00000000 00000000 00000000 0000 0000 0000 0000 1003.5
00211 04.06.16 03:30:52 00000004 00000000 00000004 00000000 0000 0000 0000 0000 1003.5
00212 04.06.16 03:31:52 00000003 00000000 00000001 00000000 0000 0000 0000 0000 1003.5
00213 04.06.16 03:32:52 00000001 00000001 00000005 00000000 0000 0000 0000 0000 1003.5
00214 04.06.16 03:33:52 00000003 00000000 00000003 00000000 0000 0000 0000 0000 1003.5
00215 04.06.16 03:34:52 00000001 00000000 00000002 00000001 0000 0000 0000 0000 1003.5
00216 04.06.16 03:35:52 00000001 00000001 00000004 00000000 0000 0000 0000 0000 1003.5
00217 04.06.16 03:36:52 00000002 00000000 00000000 00000002 0000 0000 0000 0000 1003.5
00218 04.06.16 03:37:52 00000003 00000001 00000005 00000000 0000 0000 0000 0000 1003.4
00219 04.06.16 03:38:52 00000002 00000000 00000003 00000000 0000 0000 0000 0000 1003.5
00220 04.06.16 03:39:52 00000002 00000001 00000001 00000001 0000 0000 0000 0000 1003.4
00221 04.06.16 03:40:52 00000001 00000000 00000003 00000001 0000 0000 0000 0000 1003.4
00222 04.06.16 03:41:52 00000001 00000002 00000004 00000000 0000 0000 0000 0000 1003.4
00223 04.06.16 03:42:52 00000000 00000001 00000003 00000001 0000 0000 0000 0000 1003.4
00224 04.06.16 03:43:52 00000001 00000001 00000004 00000000 0000 0000 0000 0000 1003.4
00225 04.06.16 03:44:52 00000000 00000001 00000004 00000001 0000 0000 0000 0000 1003.4
00226 04.06.16 03:45:52 00000002 00000002 00000003 00000000 0000 0000 0000 0000 1003.4
00227 04.06.16 03:46:52 00000001 00000000 00000003 00000000 0000 0000 0000 0000 1003.4
00228 04.06.16 03:47:52 00000001 00000000 00000001 00000000 0000 0000 0000 0000 1003.4
00229 04.06.16 03:48:52 00000002 00000000 00000002 00000000 0000 0000 0000 0000 1003.4
00230 04.06.16 03:49:52 00000001 00000000 00000002 00000001 0000 0000 0000 0000 1003.3
00231 04.06.16 03:50:52 00000000 00000000 00000001 00000000 0000 0000 0000 0000 1003.4
00232 04.06.16 03:51:52 00000003 00000001 00000004 00000000 0000 0000 0000 0000 1003.4
00233 04.06.16 03:52:52 00000001 00000001 00000005 00000000 0000 0000 0000 0000 1003.4
00234 04.06.16 03:53:52 00000003 00000000 00000003 00000001 0000 0000 0000 0000 1003.4
00235 04.06.16 03:54:52 00000001 00000002 00000005 00000002 0000 0000 0000 0000 1003.3
00236 04.06.16 03:55:52 00000003 00000000 00000002 00000002 0000 0000 0000 0000 1003.4
00237 04.06.16 03:56:52 00000000 00000000 00000004 00000001 0000 0000 0000 0000 1003.4
00238 04.06.16 03:57:52 00000003 00000001 00000004 00000000 0000 0000 0000 0000 1003.4
00239 04.06.16 03:58:52 00000002 00000000 00000002 00000000 0000 0000 0000 0000 1003.4
00240 04.06.16 03:59:52 00000001 00000002 00000003 00000000 0000 0000 0000 0000 1003.4
00241 04.06.16 04:00:52 00000002 00000003 00000006 00000000 0000 0000 0000 0000 1003.4
00242 04.06.16 04:01:52 00000002 00000002 00000006 00000001 0000 0000 0000 0000 1003.4
00243 04.06.16 04:02:52 00000002 00000000 00000005 00000001 0000 0000 0000 0000 1003.3
00244 04.06.16 04:03:52 00000000 00000001 00000003 00000001 0000 0000 0000 0000 1003.3
00245 04.06.16 04:04:52 00000001 00000000 00000001 00000001 0000 0000 0000 0000 1003.3
00246 04.06.16 04:05:52 00000002 00000000 00000003 00000000 0000 0000 0000 0000 1003.3
00247 04.06.16 04:06:52 00000003 00000000 00000002 00000003 0000 0000 0000 0000 1003.4
00248 04.06.16 04:07:52 00000000 00000000 00000002 00000000 0000 0000 0000 0000 1003.3
00249 04.06.16 04:08:52 00000003 00000001 00000000 00000001 0000 0000 0000 0000 1003.3
00250 04.06.16 04:09:52 00000001 00000000 00000003 00000001 0000 0000 0000 0000 1003.3
00251 04.06.16 04:10:52 00000003 00000000 00000002 00000000 0000 0000 0000 0000 1003.4
00252 04.06.16 04:11:52 00000006 00000001 00000002 00000002 0000 0000 0000 0000 1003.4
00253 04.06.16 04:12:52 00000001 00000000 00000002 00000000 0000 0000 0000 0000 1003.4
00254 04.06.16 04:13:52 00000001 00000001 00000006 00000000 0000 0000 0000 0000 1003.4
00255 04.06.16 04:14:52 00000000 00000001 00000006 00000000 0000 0000 0000 0000 1003.3
00256 04.06.16 04:15:52 00000001 00000000 00000000 00000000 0000 0000 0000 0000 1003.4
00257 04.06.16 04:16:52 00000002 00000000 00000006 00000001 0000 0000 0000 0000 1003.4
00258 04.06.16 04:17:52 00000003 00000000 00000007 00000002 0000 0000 0000 0000 1003.3
00259 04.06.16 04:18:52 00000000 00000000 00000005 00000000 0000 0000 0000 0000 1003.4
00260 04.06.16 04:19:52 00000002 00000001 00000005 00000000 0000 0000 0000 0000 1003.4
00261 04.06.16 04:20:52 00000004 00000001 00000004 00000000 0000 0000 0000 0000 1003.3
00262 04.06.16 04:21:52 00000005 00000000 00000001 00000000 0000 0000 0000 0000 1003.4
00263 04.06.16 04:22:52 00000001 00000000 00000003 00000000 0000 0000 0000 0000 1003.3
00264 04.06.16 04:23:52 00000003 00000000 00000001 00000000 0000 0000 0000 0000 1003.4
00265 04.06.16 04:24:52 00000001 00000000 00000004 00000000 0000 0000 0000 0000 1003.3
00266 04.06.16 04:25:52 00000002 00000000 00000004 00000001 0000 0000 0000 0000 1003.3
00267 04.06.16 04:26:52 00000001 00000000 00000004 00000000 0000 0000 0000 0000 1003.2
00268 04.06.16 04:27:52 00000000 00000000 00000003 00000000 0000 0000 0000 0000 1003.3
00269 04.06.16 04:28:52 00000001 00000001 00000003 00000000 0000 0000 0000 0000 1003.4
00270 04.06.16 04:29:52 00000003 00000001 00000003 00000000 0000 0000 0000 0000 1003.4
00271 04.06.16 04:30:52 00000000 00000000 00000005 00000001 0000 0000 0000 0000 1003.4
00272 04.06.16 04:31:52 00000000 00000000 00000001 00000001 0000 0000 0000 0000 1003.3
00273 04.06.16 04:32:52 00000001 00000000 00000006 00000000 0000 0000 0000 0000 1003.3
00274 04.06.16 04:33:52 00000001 00000002 00000005 00000000 0000 0000 0000 0000 1003.3
00275 04.06.16 04:34:52 00000001 00000000 00000004 00000000 0000 0000 0000 0000 1003.4
00276 04.06.16 04:35:52 00000004 00000000 00000008 00000001 0000 0000 0000 0000 1003.4
00277 04.06.16 04:36:52 00000003 00000003 00000004 00000000 0000 0000 0000 0000 1003.4
00278 04.06.16 04:37:52 00000000 00000000 00000004 00000000 0000 0000 0000 0000 1003.4
00279 04.06.16 04:38:52 00000002 00000000 00000001 00000000 0000 0000 0000 0000 1003.3
00280 04.06.16 04:39:52 00000003 00000001 00000002 00000000 0000 0000 0000 0000 1003.3
00281 04.06.16 04:40:52 00000003 00000000 00000003 00000002 0000 0000 0000 0000 1003.3
00282 04.06.16 04:41:52 00000002 00000000 00000003 00000000 0000 0000 0000 0000 1003.3
00283 04.06.16 04:42:52 00000002 00000000 00000002 00000001 0000 0000 0000 0000 1003.3
00284 04.06.16 04:43:52 00000001 00000001 00000002 00000000 0000 0000 0000 0000 1003.3
00285 04.06.16 04:44:52 00000002 00000000 00000006 00000004 0000 0000 0000 0000 1003.3
00286 04.06.16 04:45:52 00000001 00000000 00000001 00000002 0000 0000 0000 0000 1003.3
00287 04.06.16 04:46:52 00000002 00000000 00000002 00000002 0000 0000 0000 0000 1003.3
00288 04.06.16 04:47:52 00000003 00000001 00000002 00000000 0000 0000 0000 0000 1003.3
00289 04.06.16 04:48:52 00000004 00000001 00000004 00000002 0000 0000 0000 0000 1003.3
00290 04.06.16 04:49:52 00000001 00000001 00000002 00000000 0000 0000 0000 0000 1003.3
00291 04.06.16 04:50:52 00000002 00000000 00000000 00000000 0000 0000 0000 0000 1003.3
00292 04.06.16 04:51:52 00000001 00000000 00000002 00000001 0000 0000 0000 0000 1003.3
00293 04.06.16 04:52:52 00000001 00000000 00000006 00000001 0000 0000 0000 0000 1003.3
00294 04.06.16 04:53:52 00000001 00000000 00000003 00000000 0000 0000 0000 0000 1003.3
00295 04.06.16 04:54:52 00000001 00000001 00000002 00000000 0000 0000 0000 0000 1003.3
00296 04.06.16 04:55:52 00000001 00000002 00000003 00000000 0000 0000 0000 0000 1003.4
00297 04.06.16 04:56:52 00000000 00000001 00000005 00000002 0000 0000 0000 0000 1003.3
00298 04.06.16 04:57:52 00000001 00000000 00000005 00000000 0000 0000 0000 0000 1003.3
00299 04.06.16 04:58:52 00000004 00000000 00000004 00000001 0000 0000 0000 0000 1003.3
00300 04.06.16 04:59:52 00000000 00000001 00000004 00000000 0000 0000 0000 0000 1003.3
00301 04.06.16 05:00:52 00000001 00000000 00000003 00000001 0000 0000 0000 0000 1003.3
00302 04.06.16 05:01:52 00000002 00000000 00000002 00000000 0000 0000 0000 0000 1003.3
00303 04.06.16 05:02:52 00000004 00000000 00000006 00000001 0000 0000 0000 0000 1003.3
00304 04.06.16 05:03:52 00000001 00000001 00000001 00000000 0000 0000 0000 0000 1003.3
00305 04.06.16 05:04:52 00000000 00000000 00000001 00000001 0000 0000 0000 0000 1003.4
00306 04.06.16 05:05:52 00000001 00000000 00000002 00000000 0000 0000 0000 0000 1003.4
00307 04.06.16 05:06:52 00000002 00000002 00000005 00000000 0000 0000 0000 0000 1003.4
00308 04.06.16 05:07:52 00000001 00000000 00000010 00000000 0000 0000 0000 0000 1003.3
00309 04.06.16 05:08:52 00000001 00000000 00000007 00000000 0000 0000 0000 0000 1003.3
00310 04.06.16 05:09:52 00000003 00000000 00000002 00000001 0000 0000 0000 0000 1003.3
00311 04.06.16 05:10:52 00000002 00000000 00000008 00000001 0000 0000 0000 0000 1003.3
00312 04.06.16 05:11:52 00000001 00000000 00000006 00000002 0000 0000 0000 0000 1003.3
00313 04.06.16 05:12:52 00000002 00000001 00000003 00000001 0000 0000 0000 0000 1003.3
00314 04.06.16 05:13:52 00000002 00000000 00000002 00000001 0000 0000 0000 0000 1003.4
00315 04.06.16 05:14:52 00000000 00000003 00000003 00000001 0000 0000 0000 0000 1003.4
00316 04.06.16 05:15:52 00000000 00000000 00000002 00000001 0000 0000 0000 0000 1003.5
00317 04.06.16 05:16:52 00000004 00000000 00000004 00000001 0000 0000 0000 0000 1003.5
00318 04.06.16 05:17:52 00000001 00000000 00000005 00000000 0000 0000 0000 0000 1003.5
00319 04.06.16 05:18:52 00000002 00000000 00000003 00000000 0000 0000 0000 0000 1003.5
00320 04.06.16 05:19:52 00000000 00000002 00000008 00000000 0000 0000 0000 0000 1003.5
00321 04.06.16 05:20:52 00000003 00000000 00000006 00000002 0000 0000 0000 0000 1003.5
00322 04.06.16 05:21:52 00000001 00000000 00000004 00000000 0000 0000 0000 0000 1003.5
00323 04.06.16 05:22:52 00000001 00000001 00000002 00000000 0000 0000 0000 0000 1003.5
00324 04.06.16 05:23:52 00000001 00000000 00000005 00000000 0000 0000 0000 0000 1003.5
00325 04.06.16 05:24:52 00000003 00000001 00000006 00000002 0000 0000 0000 0000 1003.5
00326 04.06.16 05:25:52 00000000 00000000 00000003 00000000 0000 0000 0000 0000 1003.3
00327 04.06.16 05:26:52 00000002 00000000 00000004 00000000 0000 0000 0000 0000 1003.5
00328 04.06.16 05:27:52 00000002 00000001 00000003 00000001 0000 0000 0000 0000 1003.5
00329 04.06.16 05:28:52 00000000 00000000 00000004 00000000 0000 0000 0000 0000 1003.5
00330 04.06.16 05:29:52 00000003 00000000 00000005 00000000 0000 0000 0000 0000 1003.5
00331 04.06.16 05:30:52 00000004 00000000 00000004 00000000 0000 0000 0000 0000 1003.5
00332 04.06.16 05:31:52 00000000 00000001 00000004 00000000 0000 0000 0000 0000 1003.5
00333 04.06.16 05:32:52 00000002 00000000 00000006 00000001 0000 0000 0000 0000 1003.3
00334 04.06.16 05:33:52 00000003 00000001 00000001 00000000 0000 0000 0000 0000 1003.5
00335 04.06.16 05:34:52 00000003 00000000 00000002 00000000 0000 0000 0000 0000 1003.5
00336 04.06.16 05:35:52 00000001 00000000 00000005 00000000 0000 0000 0000 0000 1003.5
00337 04.06.16 05:36:52 00000000 00000001 00000003 00000000 0000 0000 0000 0000 1003.5
00338 04.06.16 05:37:52 00000003 00000000 00000004 00000000 0000 0000 0000 0000 1003.5
00339 04.06.16 05:38:52 00000003 00000000 00000006 00000000 0000 0000 0000 0000 1003.5
00340 04.06.16 05:39:52 00000000 00000001 00000002 00000000 0000 0000 0000 0000 1003.5
00341 04.06.16 05:40:52 00000002 00000001 00000002 00000001 0000 0000 0000 0000 1003.5
00342 04.06.16 05:41:52 00000003 00000000 00000004 00000000 0000 0000 0000 0000 1003.5
00343 04.06.16 05:42:52 00000000 00000000 00000003 00000001 0000 0000 0000 0000 1003.5
00344 04.06.16 05:43:52 00000000 00000001 00000003 00000000 0000 0000 0000 0000 1003.5
00345 04.06.16 05:44:52 00000003 00000000 00000003 00000000 0000 0000 0000 0000 1003.4
00346 04.06.16 05:45:52 00000002 00000001 00000004 00000000 0000 0000 0000 0000 1003.5
00347 04.06.16 05:46:52 00000002 00000000 00000002 00000000 0000 0000 0000 0000 1003.5
00348 04.06.16 05:47:52 00000001 00000001 00000002 00000000 0000 0000 0000 0000 1003.5
00349 04.06.16 05:48:52 00000005 00000000 00000001 00000000 0000 0000 0000 0000 1003.5
00350 04.06.16 05:49:52 00000002 00000001 00000005 00000000 0000 0000 0000 0000 1003.5
00351 04.06.16 05:50:52 00000001 00000001 00000004 00000001 0000 0000 0000 0000 1003.5
00352 04.06.16 05:51:52 00000001 00000001 00000001 00000000 0000 0000 0000 0000 1003.5
00353 04.06.16 05:52:52 00000000 00000000 00000003 00000003 0000 0000 0000 0000 1003.5
00354 04.06.16 05:53:52 00000000 00000001 00000002 00000001 0000 0000 0000 0000 1003.4
00355 04.06.16 05:54:52 00000004 00000001 00000003 00000000 0000 0000 0000 0000 1003.5
00356 04.06.16 05:55:52 00000000 00000000 00000001 00000001 0000 0000 0000 0000 1003.5
00357 04.06.16 05:56:52 00000002 00000000 00000002 00000000 0000 0000 0000 0000 1003.5
00358 04.06.16 05:57:52 00000002 00000000 00000006 00000001 0000 0000 0000 0000 1003.5
00359 04.06.16 05:58:52 00000002 00000000 00000001 00000000 0000 0000 0000 0000 1003.5
00360 04.06.16 05:59:52 00000001 00000000 00000002 00000002 0000 0000 0000 0000 1003.5
00361 04.06.16 06:00:52 00000000 00000001 00000003 00000001 0000 0000 0000 0000 1003.5
00362 04.06.16 06:01:52 00000000 00000001 00000001 00000000 0000 0000 0000 0000 1003.5
00363 04.06.16 06:02:52 00000001 00000001 00000004 00000000 0000 0000 0000 0000 1003.6
00364 04.06.16 06:03:52 00000001 00000000 00000002 00000000 0000 0000 0000 0000 1003.6
00365 04.06.16 06:04:52 00000002 00000002 00000002 00000000 0000 0000 0000 0000 1003.6
00366 04.06.16 06:05:52 00000000 00000002 00000005 00000001 0000 0000 0000 0000 1003.6
00367 04.06.16 06:06:52 00000002 00000001 00000005 00000000 0000 0000 0000 0000 1003.6
00368 04.06.16 06:07:52 00000004 00000000 00000004 00000000 0000 0000 0000 0000 1003.6
00369 04.06.16 06:08:52 00000002 00000001 00000004 00000000 0000 0000 0000 0000 1003.6
00370 04.06.16 06:09:52 00000003 00000001 00000003 00000002 0000 0000 0000 0000 1003.6
00371 04.06.16 06:10:52 00000000 00000000 00000004 00000001 0000 0000 0000 0000 1003.6
00372 04.06.16 06:11:52 00000001 00000000 00000003 00000000 0000 0000 0000 0000 1003.6
00373 04.06.16 06:12:52 00000000 00000000 00000005 00000000 0000 0000 0000 0000 1003.6
00374 04.06.16 06:13:52 00000001 00000000 00000004 00000001 0000 0000 0000 0000 1003.7
00375 04.06.16 06:14:52 00000002 00000000 00000003 00000000 0000 0000 0000 0000 1003.7
00376 04.06.16 06:15:52 00000001 00000001 00000004 00000000 0000 0000 0000 0000 1003.7
00377 04.06.16 06:16:52 00000002 00000001 00000003 00000000 0000 0000 0000 0000 1003.7
00378 04.06.16 06:17:52 00000000 00000001 00000002 00000000 0000 0000 0000 0000 1003.7
00379 04.06.16 06:18:52 00000001 00000001 00000005 00000000 0000 0000 0000 0000 1003.7
00380 04.06.16 06:19:52 00000000 00000000 00000002 00000000 0000 0000 0000 0000 1003.6
00381 04.06.16 06:20:52 00000002 00000000 00000004 00000000 0000 0000 0000 0000 1003.7
00382 04.06.16 06:21:52 00000000 00000000 00000003 00000000 0000 0000 0000 0000 1003.6
00383 04.06.16 06:22:52 00000003 00000000 00000010 00000000 0000 0000 0000 0000 1003.7
00384 04.06.16 06:23:52 00000003 00000001 00000001 00000000 0000 0000 0000 0000 1003.7
00385 04.06.16 06:24:52 00000000 00000000 00000005 00000000 0000 0000 0000 0000 1003.7
00386 04.06.16 06:25:52 00000001 00000000 00000005 00000001 0000 0000 0000 0000 1003.7
00387 04.06.16 06:26:52 00000002 00000001 00000003 00000000 0000 0000 0000 0000 1003.7
00388 04.06.16 06:27:52 00000002 00000000 00000001 00000000 0000 0000 0000 0000 1003.8
00389 04.06.16 06:28:52 00000003 00000000 00000007 00000000 0000 0000 0000 0000 1003.7
00390 04.06.16 06:29:52 00000002 00000000 00000002 00000002 0000 0000 0000 0000 1003.8
00391 04.06.16 06:30:52 00000002 00000000 00000004 00000001 0000 0000 0000 0000 1003.7
00392 04.06.16 06:31:52 00000003 00000000 00000002 00000002 0000 0000 0000 0000 1003.8
00393 04.06.16 06:32:52 00000000 00000000 00000004 00000001 0000 0000 0000 0000 1003.7
00394 04.06.16 06:33:52 00000001 00000000 00000001 00000001 0000 0000 0000 0000 1003.7
00395 04.06.16 06:34:52 00000000 00000000 00000001 00000001 0000 0000 0000 0000 1003.8
00396 04.06.16 06:35:52 00000001 00000001 00000002 00000001 0000 0000 0000 0000 1003.8
00397 04.06.16 06:36:52 00000002 00000002 00000002 00000000 0000 0000 0000 0000 1003.8
00398 04.06.16 06:37:52 00000001 00000000 00000008 00000000 0000 0000 0000 0000 1003.8
00399 04.06.16 06:38:52 00000000 00000000 00000001 00000001 0000 0000 0000 0000 1003.8
00400 04.06.16 06:39:52 00000001 00000000 00000004 00000000 0000 0000 0000 0000 1003.8
00401 04.06.16 06:40:52 00000006 00000000 00000002 00000001 0000 0000 0000 0000 1003.8
00402 04.06.16 06:41:52 00000001 00000002 00000002 00000000 0000 0000 0000 0000 1003.8
00403 04.06.16 06:42:52 00000001 00000000 00000002 00000000 0000 0000 0000 0000 1003.8
00404 04.06.16 06:43:52 00000002 00000000 00000005 00000000 0000 0000 0000 0000 1003.8
00405 04.06.16 06:44:52 00000003 00000001 00000005 00000001 0000 0000 0000 0000 1003.9
00406 04.06.16 06:45:52 00000003 00000000 00000003 00000002 0000 0000 0000 0000 1003.8
00407 04.06.16 06:46:52 00000002 00000000 00000004 00000002 0000 0000 0000 0000 1003.8
00408 04.06.16 06:47:52 00000002 00000002 00000004 00000000 0000 0000 0000 0000 1003.8
00409 04.06.16 06:48:52 00000005 00000000 00000002 00000001 0000 0000 0000 0000 1003.8
00410 04.06.16 06:49:52 00000001 00000000 00000005 00000000 0000 0000 0000 0000 1003.8
00411 04.06.16 06:50:52 00000002 00000000 00000002 00000002 0000 0000 0000 0000 1003.8
00412 04.06.16 06:51:52 00000003 00000000 00000005 00000000 0000 0000 0000 0000 1003.8
00413 04.06.16 06:52:52 00000003 00000001 00000004 00000000 0000 0000 0000 0000 1003.7
00414 04.06.16 06:53:52 00000000 00000000 00000002 00000001 0000 0000 0000 0000 1003.7
00415 04.06.16 06:54:52 00000001 00000001 00000004 00000001 0000 0000 0000 0000 1003.8
00416 04.06.16 06:55:52 00000000 00000001 00000005 00000000 0000 0000 0000 0000 1003.7
00417 04.06.16 06:56:52 00000002 00000000 00000004 00000001 0000 0000 0000 0000 1003.9
00418 04.06.16 06:57:52 00000002 00000000 00000004 00000000 0000 0000 0000 0000 1003.9
00419 04.06.16 06:58:52 00000001 00000002 00000003 00000001 0000 0000 0000 0000 1003.9
00420 04.06.16 06:59:52 00000001 00000000 00000007 00000000 0000 0000 0000 0000 1003.9
00421 04.06.16 07:00:52 00000003 00000000 00000005 00000000 0000 0000 0000 0000 1003.9
00422 04.06.16 07:01:52 00000001 00000000 00000004 00000000 0000 0000 0000 0000 1003.9
00423 04.06.16 07:02:52 00000002 00000000 00000004 00000000 0000 0000 0000 0000 1004.0
00424 04.06.16 07:03:52 00000002 00000000 00000000 00000002 0000 0000 0000 0000 1003.9
00425 04.06.16 07:04:52 00000002 00000000 00000004 00000002 0000 0000 0000 0000 1003.9
00426 04.06.16 07:05:52 00000001 00000001 00000002 00000000 0000 0000 0000 0000 1003.8
00427 04.06.16 07:06:52 00000003 00000000 00000003 00000000 0000 0000 0000 0000 1003.8
00428 04.06.16 07:07:52 00000002 00000001 00000004 00000000 0000 0000 0000 0000 1003.9
00429 04.06.16 07:08:52 00000002 00000001 00000004 00000000 0000 0000 0000 0000 1003.9
00430 04.06.16 07:09:52 00000004 00000000 00000004 00000000 0000 0000 0000 0000 1003.9
00431 04.06.16 07:10:52 00000001 00000000 00000004 00000001 0000 0000 0000 0000 1003.8
00432 04.06.16 07:11:52 00000000 00000000 00000004 00000000 0000 0000 0000 0000 1003.9
00433 04.06.16 07:12:52 00000000 00000001 00000003 00000000 0000 0000 0000 0000 1003.9
00434 04.06.16 07:13:52 00000002 00000000 00000003 00000000 0000 0000 0000 0000 1004.0
00435 04.06.16 07:14:52 00000002 00000001 00000002 00000000 0000 0000 0000 0000 1003.9
00436 04.06.16 07:15:52 00000001 00000000 00000003 00000001 0000 0000 0000 0000 1004.0
00437 04.06.16 07:16:52 00000000 00000000 00000004 00000002 0000 0000 0000 0000 1004.0
00438 04.06.16 07:17:52 00000001 00000000 00000006 00000000 0000 0000 0000 0000 1004.0
00439 04.06.16 07:18:52 00000001 00000002 00000006 00000002 0000 0000 0000 0000 1004.0
00440 04.06.16 07:19:52 00000000 00000000 00000002 00000000 0000 0000 0000 0000 1004.0
00441 04.06.16 07:20:52 00000002 00000000 00000008 00000001 0000 0000 0000 0000 1004.0
00442 04.06.16 07:21:52 00000003 00000000 00000004 00000000 0000 0000 0000 0000 1004.0
00443 04.06.16 07:22:52 00000002 00000001 00000006 00000002 0000 0000 0000 0000 1004.0
00444 04.06.16 07:23:52 00000001 00000000 00000004 00000000 0000 0000 0000 0000 1004.0
00445 04.06.16 07:24:52 00000004 00000000 00000002 00000000 0000 0000 0000 0000 1004.0
00446 04.06.16 07:25:52 00000002 00000000 00000006 00000001 0000 0000 0000 0000 1004.0
00447 04.06.16 07:26:52 00000003 00000001 00000001 00000001 0000 0000 0000 0000 1004.0
00448 04.06.16 07:27:52 00000003 00000000 00000003 00000000 0000 0000 0000 0000 1004.0
00449 04.06.16 07:28:52 00000000 00000000 00000004 00000000 0000 0000 0000 0000 1003.8
00450 04.06.16 07:29:52 00000002 00000000 00000003 00000000 0000 0000 0000 0000 1004.0
00451 04.06.16 07:30:52 00000002 00000000 00000008 00000000 0000 0000 0000 0000 1003.9
00452 04.06.16 07:31:52 00000002 00000000 00000002 00000001 0000 0000 0000 0000 1004.0
00453 04.06.16 07:32:52 00000002 00000001 00000004 00000000 0000 0000 0000 0000 1004.0
00454 04.06.16 07:33:52 00000001 00000001 00000001 00000000 0000 0000 0000 0000 1004.0
00455 04.06.16 07:34:52 00000001 00000000 00000003 00000001 0000 0000 0000 0000 1004.0
00456 04.06.16 07:35:52 00000002 00000001 00000005 00000000 0000 0000 0000 0000 1004.0
00457 04.06.16 07:36:52 00000001 00000001 00000002 00000001 0000 0000 0000 0000 1004.0
00458 04.06.16 07:37:52 00000001 00000001 00000002 00000001 0000 0000 0000 0000 1004.0
00459 04.06.16 07:38:52 00000002 00000000 00000004 00000000 0000 0000 0000 0000 1004.0
00460 04.06.16 07:39:52 00000002 00000000 00000002 00000001 0000 0000 0000 0000 1004.0
00461 04.06.16 07:40:52 00000001 00000000 00000004 00000000 0000 0000 0000 0000 1004.0
00462 04.06.16 07:41:52 00000004 00000000 00000004 00000001 0000 0000 0000 0000 1004.0
00463 04.06.16 07:42:52 00000004 00000000 00000007 00000000 0000 0000 0000 0000 1004.0
00464 04.06.16 07:43:52 00000002 00000000 00000001 00000001 0000 0000 0000 0000 1004.0
00465 04.06.16 07:44:52 00000001 00000000 00000003 00000001 0000 0000 0000 0000 1004.0
00466 04.06.16 07:45:52 00000002 00000000 00000003 00000000 0000 0000 0000 0000 1004.0
00467 04.06.16 07:46:52 00000002 00000002 00000007 00000000 0000 0000 0000 0000 1004.0
00468 04.06.16 07:47:52 00000004 00000000 00000003 00000001 0000 0000 0000 0000 1004.0
00469 04.06.16 07:48:52 00000003 00000001 00000001 00000000 0000 0000 0000 0000 1004.0
00470 04.06.16 07:49:52 00000001 00000001 00000003 00000000 0000 0000 0000 0000 1004.0
00471 04.06.16 07:50:52 00000002 00000000 00000005 00000001 0000 0000 0000 0000 1004.1
00472 04.06.16 07:51:52 00000002 00000000 00000001 00000000 0000 0000 0000 0000 1004.1
00473 04.06.16 07:52:52 00000001 00000001 00000003 00000000 0000 0000 0000 0000 1004.0
00474 04.06.16 07:53:52 00000001 00000000 00000002 00000001 0000 0000 0000 0000 1004.0
00475 04.06.16 07:54:52 00000001 00000000 00000001 00000000 0000 0000 0000 0000 1004.1
00476 04.06.16 07:55:52 00000001 00000002 00000002 00000001 0000 0000 0000 0000 1004.1
00477 04.06.16 07:56:52 00000002 00000000 00000005 00000000 0000 0000 0000 0000 1004.1
00478 04.06.16 07:57:52 00000003 00000000 00000005 00000000 0000 0000 0000 0000 1004.1
00479 04.06.16 07:58:52 00000002 00000002 00000002 00000000 0000 0000 0000 0000 1004.1
00480 04.06.16 07:59:52 00000004 00000000 00000002 00000000 0000 0000 0000 0000 1004.0
00481 04.06.16 08:00:52 00000000 00000000 00000004 00000000 0000 0000 0000 0000 1004.1
00482 04.06.16 08:01:52 00000002 00000001 00000003 00000000 0000 0000 0000 0000 1004.1
00483 04.06.16 08:02:52 00000000 00000000 00000003 00000001 0000 0000 0000 0000 1004.1
00484 04.06.16 08:03:52 00000001 00000001 00000002 00000002 0000 0000 0000 0000 1004.0
00485 04.06.16 08:04:52 00000002 00000001 00000000 00000001 0000 0000 0000 0000 1004.1
00486 04.06.16 08:05:52 00000002 00000000 00000002 00000001 0000 0000 0000 0000 1004.1
00487 04.06.16 08:06:52 00000002 00000000 00000004 00000001 0000 0000 0000 0000 1004.1
00488 04.06.16 08:07:52 00000001 00000000 00000000 00000000 0000 0000 0000 0000 1004.1
00489 04.06.16 08:08:52 00000002 00000001 00000004 00000002 0000 0000 0000 0000 1004.1
00490 04.06.16 08:09:52 00000004 00000001 00000003 00000000 0000 0000 0000 0000 1004.0
00491 04.06.16 08:10:52 00000000 00000000 00000004 00000000 0000 0000 0000 0000 1004.0
00492 04.06.16 08:11:52 00000002 00000000 00000000 00000000 0000 0000 0000 0000 1004.0
00493 04.06.16 08:12:52 00000002 00000000 00000001 00000002 0000 0000 0000 0000 1004.0
00494 04.06.16 08:13:52 00000002 00000000 00000007 00000000 0000 0000 0000 0000 1004.1
00495 04.06.16 08:14:52 00000003 00000001 00000003 00000001 0000 0000 0000 0000 1004.0
00496 04.06.16 08:15:52 00000004 00000001 00000004 00000000 0000 0000 0000 0000 1004.0
00497 04.06.16 08:16:52 00000001 00000001 00000005 00000001 0000 0000 0000 0000 1004.0
00498 04.06.16 08:17:52 00000002 00000000 00000003 00000000 0000 0000 0000 0000 1004.1
00499 04.06.16 08:18:52 00000004 00000000 00000000 00000003 0000 0000 0000 0000 1004.1
00500 04.06.16 08:19:52 00000004 00000000 00000005 00000000 0000 0000 0000 0000 1004.2
00501 04.06.16 08:20:52 00000001 00000001 00000003 00000001 0000 0000 0000 0000 1004.0
00502 04.06.16 08:21:52 00000002 00000000 00000004 00000000 0000 0000 0000 0000 1004.0
00503 04.06.16 08:22:52 00000003 00000000 00000006 00000000 0000 0000 0000 0000 1004.1
00504 04.06.16 08:23:52 00000001 00000001 00000005 00000000 0000 0000 0000 0000 1004.1
00505 04.06.16 08:24:52 00000002 00000001 00000007 00000001 0000 0000 0000 0000 1004.1
00506 04.06.16 08:25:52 00000001 00000000 00000003 00000001 0000 0000 0000 0000 1004.0
00507 04.06.16 08:26:52 00000005 00000003 00000002 00000001 0000 0000 0000 0000 1004.0
00508 04.06.16 08:27:52 00000000 00000000 00000002 00000000 0000 0000 0000 0000 1004.0
00509 04.06.16 08:28:52 00000001 00000000 00000006 00000000 0000 0000 0000 0000 1004.0
00510 04.06.16 08:29:52 00000004 00000001 00000003 00000000 0000 0000 0000 0000 1004.0
00511 04.06.16 08:30:52 00000002 00000000 00000002 00000000 0000 0000 0000 0000 1004.0
00512 04.06.16 08:31:52 00000000 00000000 00000001 00000001 0000 0000 0000 0000 1004.0
00513 04.06.16 08:32:52 00000001 00000000 00000004 00000001 0000 0000 0000 0000 1003.9
00514 04.06.16 08:33:52 00000001 00000000 00000001 00000000 0000 0000 0000 0000 1003.9
00515 04.06.16 08:34:52 00000002 00000000 00000003 00000000 0000 0000 0000 0000 1004.0
00516 04.06.16 08:35:52 00000002 00000000 00000003 00000000 0000 0000 0000 0000 1004.0
00517 04.06.16 08:36:52 00000002 00000001 00000004 00000000 0000 0000 0000 0000 1004.0
00518 04.06.16 08:37:52 00000002 00000000 00000002 00000000 0000 0000 0000 0000 1004.0
00519 04.06.16 08:38:52 00000003 00000001 00000005 00000001 0000 0000 0000 0000 1004.0
00520 04.06.16 08:39:52 00000003 00000000 00000001 00000001 0000 0000 0000 0000 1004.0
00521 04.06.16 08:40:52 00000001 00000000 00000001 00000001 0000 0000 0000 0000 1004.0
00522 04.06.16 08:41:52 00000003 00000000 00000001 00000002 0000 0000 0000 0000 1004.0
00523 04.06.16 08:42:52 00000003 00000002 00000004 00000000 0000 0000 0000 0000 1004.0
00524 04.06.16 08:43:52 00000001 00000000 00000008 00000000 0000 0000 0000 0000 1004.1
00525 04.06.16 08:44:52 00000001 00000002 00000003 00000000 0000 0000 0000 0000 1004.0
00526 04.06.16 08:45:52 00000002 00000000 00000007 00000001 0000 0000 0000 0000 1004.1
00527 04.06.16 08:46:52 00000000 00000000 00000003 00000000 0000 0000 0000 0000 1004.0
00528 04.06.16 08:47:52 00000002 00000000 00000001 00000002 0000 0000 0000 0000 1004.1
00529 04.06.16 08:48:52 00000001 00000000 00000001 00000001 0000 0000 0000 0000 1004.1
00530 04.06.16 08:49:52 00000003 00000000 00000005 00000001 0000 0000 0000 0000 1004.1
00531 04.06.16 08:50:52 00000001 00000000 00000002 00000001 0000 0000 0000 0000 1004.0
00532 04.06.16 08:51:52 00000001 00000000 00000005 00000000 0000 0000 0000 0000 1004.0
00533 04.06.16 08:52:52 00000003 00000000 00000003 00000000 0000 0000 0000 0000 1004.0
00534 04.06.16 08:53:52 00000002 00000000 00000002 00000000 0000 0000 0000 0000 1004.0
00535 04.06.16 08:54:52 00000002 00000003 00000002 00000000 0000 0000 0000 0000 1004.1
00536 04.06.16 08:55:52 00000000 00000000 00000002 00000001 0000 0000 0000 0000 1004.1
00537 04.06.16 08:56:52 00000001 00000000 00000002 00000001 0000 0000 0000 0000 1004.1
00538 04.06.16 08:57:52 00000002 00000000 00000000 00000001 0000 0000 0000 0000 1004.1
00539 04.06.16 08:58:52 00000000 00000001 00000002 00000000 0000 0000 0000 0000 1004.1
00540 04.06.16 08:59:52 00000003 00000000 00000004 00000000 0000 0000 0000 0000 1004.1
00541 04.06.16 09:00:52 00000002 00000000 00000003 00000000 0000 0000 0000 0000 1004.1
00542 04.06.16 09:01:52 00000003 00000000 00000005 00000002 0000 0000 0000 0000 1004.1
00543 04.06.16 09:02:52 00000002 00000000 00000004 00000000 0000 0000 0000 0000 1004.1
00544 04.06.16 09:03:52 00000001 00000000 00000003 00000000 0000 0000 0000 0000 1004.2
00545 04.06.16 09:04:52 00000002 00000001 00000005 00000000 0000 0000 0000 0000 1004.1
00546 04.06.16 09:05:52 00000002 00000001 00000005 00000002 0000 0000 0000 0000 1004.1
00547 04.06.16 09:06:52 00000002 00000000 00000003 00000000 0000 0000 0000 0000 1004.1
00548 04.06.16 09:07:52 00000003 00000000 00000003 00000001 0000 0000 0000 0000 1004.1
00549 04.06.16 09:08:52 00000000 00000000 00000002 00000002 0000 0000 0000 0000 1004.1
00550 04.06.16 09:09:52 00000002 00000000 00000005 00000000 0000 0000 0000 0000 1004.1
00551 04.06.16 09:10:52 00000001 00000000 00000004 00000001 0000 0000 0000 0000 1004.1
00552 04.06.16 09:11:52 00000003 00000001 00000005 00000002 0000 0000 0000 0000 1004.1
00553 04.06.16 09:12:52 00000000 00000000 00000003 00000000 0000 0000 0000 0000 1004.2
00554 04.06.16 09:13:52 00000004 00000000 00000005 00000001 0000 0000 0000 0000 1004.1
00555 04.06.16 09:14:52 00000001 00000002 00000004 00000001 0000 0000 0000 0000 1004.1
00556 04.06.16 09:15:52 00000002 00000001 00000002 00000000 0000 0000 0000 0000 1004.2
00557 04.06.16 09:16:52 00000002 00000001 00000003 00000000 0000 0000 0000 0000 1004.2
00558 04.06.16 09:17:52 00000000 00000000 00000001 00000000 0000 0000 0000 0000 1004.2
00559 04.06.16 09:18:52 00000003 00000000 00000004 00000000 0000 0000 0000 0000 1004.2
00560 04.06.16 09:19:52 00000001 00000000 00000004 00000000 0000 0000 0000 0000 1004.2
00561 04.06.16 09:20:52 00000000 00000000 00000007 00000000 0000 0000 0000 0000 1004.2
00562 04.06.16 09:21:52 00000004 00000002 00000001 00000000 0000 0000 0000 0000 1004.2
00563 04.06.16 09:22:52 00000001 00000000 00000003 00000001 0000 0000 0000 0000 1004.2
00564 04.06.16 09:23:52 00000006 00000000 00000005 00000000 0000 0000 0000 0000 1004.2
00565 04.06.16 09:24:52 00000002 00000001 00000005 00000001 0000 0000 0000 0000 1004.2
00566 04.06.16 09:25:52 00000002 00000000 00000002 00000002 0000 0000 0000 0000 1004.2
00567 04.06.16 09:26:52 00000001 00000000 00000006 00000002 0000 0000 0000 0000 1004.2
00568 04.06.16 09:27:52 00000005 00000000 00000004 00000000 0000 0000 0000 0000 1004.3
00569 04.06.16 09:28:52 00000001 00000001 00000005 00000000 0000 0000 0000 0000 1004.3
00570 04.06.16 09:29:52 00000002 00000001 00000002 00000001 0000 0000 0000 0000 1004.2
00571 04.06.16 09:30:52 00000000 00000001 00000005 00000000 0000 0000 0000 0000 1004.2
00572 04.06.16 09:31:52 00000002 00000000 00000002 00000002 0000 0000 0000 0000 1004.3
00573 04.06.16 09:32:52 00000001 00000001 00000002 00000000 0000 0000 0000 0000 1004.2
00574 04.06.16 09:33:52 00000005 00000000 00000005 00000000 0000 0000 0000 0000 1004.3
00575 04.06.16 09:34:52 00000003 00000001 00000005 00000003 0000 0000 0000 0000 1004.3
00576 04.06.16 09:35:52 00000001 00000000 00000002 00000001 0000 0000 0000 0000 1004.3
00577 04.06.16 09:36:52 00000003 00000001 00000002 00000000 0000 0000 0000 0000 1004.2
00578 04.06.16 09:37:52 00000003 00000001 00000001 00000001 0000 0000 0000 0000 1004.3
00579 04.06.16 09:38:52 00000002 00000000 00000000 00000000 0000 0000 0000 0000 1004.3
00580 04.06.16 09:39:52 00000000 00000001 00000003 00000000 0000 0000 0000 0000 1004.3
00581 04.06.16 09:40:52 00000003 00000000 00000002 00000000 0000 0000 0000 0000 1004.3
00582 04.06.16 09:41:52 00000003 00000001 00000002 00000000 0000 0000 0000 0000 1004.3
00583 04.06.16 09:42:52 00000001 00000001 00000002 00000000 0000 0000 0000 0000 1004.3
00584 04.06.16 09:43:52 00000001 00000000 00000003 00000000 0000 0000 0000 0000 1004.3
00585 04.06.16 09:44:52 00000002 00000000 00000004 00000000 0000 0000 0000 0000 1004.2
00586 04.06.16 09:45:52 00000002 00000000 00000001 00000001 0000 0000 0000 0000 1004.3
00587 04.06.16 09:46:52 00000002 00000001 00000001 00000000 0000 0000 0000 0000 1004.3
00588 04.06.16 09:47:52 00000001 00000000 00000003 00000000 0000 0000 0000 0000 1004.2
00589 04.06.16 09:48:52 00000002 00000001 00000003 00000000 0000 0000 0000 0000 1004.3
00590 04.06.16 09:49:52 00000001 00000000 00000004 00000000 0000 0000 0000 0000 1004.3
00591 04.06.16 09:50:52 00000001 00000001 00000005 00000001 0000 0000 0000 0000 1004.3
00592 04.06.16 09:51:52 00000008 00000000 00000002 00000001 0000 0000 0000 0000 1004.3
00593 04.06.16 09:52:52 00000002 00000001 00000005 00000001 0000 0000 0000 0000 1004.3
00594 04.06.16 09:53:52 00000002 00000001 00000002 00000002 0000 0000 0000 0000 1004.3
00595 04.06.16 09:54:52 00000003 00000000 00000004 00000001 0000 0000 0000 0000 1004.3
00596 04.06.16 09:55:52 00000002 00000002 00000002 00000000 0000 0000 0000 0000 1004.3
00597 04.06.16 09:56:52 00000001 00000000 00000001 00000000 0000 0000 0000 0000 1004.3
00598 04.06.16 09:57:52 00000001 00000000 00000004 00000001 0000 0000 0000 0000 1004.3
00599 04.06.16 09:58:52 00000000 00000000 00000001 00000000 0000 0000 0000 0000 1004.3
00600 04.06.16 09:59:52 00000004 00000000 00000003 00000000 0000 0000 0000 0000 1004.3
00601 04.06.16 10:00:52 00000003 00000000 00000000 00000002 0000 0000 0000 0000 1004.4
00602 04.06.16 10:01:52 00000004 00000001 00000002 00000001 0000 0000 0000 0000 1004.2
00603 04.06.16 10:02:52 00000001 00000000 00000004 00000000 0000 0000 0000 0000 1004.3
00604 04.06.16 10:03:52 00000001 00000000 00000007 00000001 0000 0000 0000 0000 1004.4
00605 04.06.16 10:04:52 00000000 00000002 00000004 00000000 0000 0000 0000 0000 1004.3
00606 04.06.16 10:05:52 00000004 00000000 00000005 00000000 0000 0000 0000 0000 1004.3
00607 04.06.16 10:06:52 00000000 00000002 00000003 00000001 0000 0000 0000 0000 1004.4
00608 04.06.16 10:07:52 00000000 00000000 00000004 00000000 0000 0000 0000 0000 1004.4
00609 04.06.16 10:08:52 00000005 00000000 00000002 00000001 0000 0000 0000 0000 1004.3
00610 04.06.16 10:09:52 00000002 00000001 00000002 00000001 0000 0000 0000 0000 1004.3
00611 04.06.16 10:10:52 00000002 00000000 00000002 00000002 0000 0000 0000 0000 1004.3
00612 04.06.16 10:11:52 00000002 00000001 00000002 00000000 0000 0000 0000 0000 1004.4
00613 04.06.16 10:12:52 00000003 00000000 00000002 00000000 0000 0000 0000 0000 1004.4
00614 04.06.16 10:13:52 00000003 00000001 00000004 00000001 0000 0000 0000 0000 1004.3
00615 04.06.16 10:14:52 00000001 00000001 00000001 00000001 0000 0000 0000 0000 1004.3
00616 04.06.16 10:15:52 00000002 00000000 00000004 00000001 0000 0000 0000 0000 1004.3
00617 04.06.16 10:16:52 00000000 00000000 00000004 00000001 0000 0000 0000 0000 1004.3
00618 04.06.16 10:17:52 00000000 00000000 00000008 00000000 0000 0000 0000 0000 1004.3
00619 04.06.16 10:18:52 00000001 00000001 00000002 00000001 0000 0000 0000 0000 1004.4
00620 04.06.16 10:19:52 00000003 00000001 00000000 00000000 0000 0000 0000 0000 1004.3
00621 04.06.16 10:20:52 00000001 00000000 00000005 00000000 0000 0000 0000 0000 1004.3
00622 04.06.16 10:21:52 00000002 00000002 00000003 00000001 0000 0000 0000 0000 1004.3
00623 04.06.16 10:22:52 00000002 00000000 00000003 00000000 0000 0000 0000 0000 1004.3
00624 04.06.16 10:23:52 00000001 00000000 00000004 00000000 0000 0000 0000 0000 1004.3
00625 04.06.16 10:24:52 00000002 00000000 00000004 00000000 0000 0000 0000 0000 1004.3
00626 04.06.16 10:25:52 00000002 00000001 00000004 00000000 0000 0000 0000 0000 1004.4
00627 04.06.16 10:26:52 00000003 00000000 00000003 00000001 0000 0000 0000 0000 1004.3
00628 04.06.16 10:27:52 00000003 00000000 00000002 00000001 0000 0000 0000 0000 1004.3
00629 04.06.16 10:28:52 00000001 00000000 00000004 00000001 0000 0000 0000 0000 1004.3
00630 04.06.16 10:29:52 00000001 00000001 00000002 00000002 0000 0000 0000 0000 1004.3
00631 04.06.16 10:30:52 00000001 00000000 00000005 00000001 0000 0000 0000 0000 1004.4
00632 04.06.16 10:31:52 00000002 00000000 00000002 00000000 0000 0000 0000 0000 1004.3
00633 04.06.16 10:32:52 00000000 00000001 00000004 00000000 0000 0000 0000 0000 1004.4
00634 04.06.16 10:33:52 00000002 00000000 00000006 00000000 0000 0000 0000 0000 1004.4
00635 04.06.16 10:34:52 00000003 00000000 00000001 00000000 0000 0000 0000 0000 1004.3
00636 04.06.16 10:35:52 00000002 00000001 00000007 00000000 0000 0000 0000 0000 1004.3
00637 04.06.16 10:36:52 00000001 00000000 00000006 00000000 0000 0000 0000 0000 1004.3
00638 04.06.16 10:37:52 00000003 00000001 00000005 00000001 0000 0000 0000 0000 1004.3
00639 04.06.16 10:38:52 00000000 00000000 00000005 00000001 0000 0000 0000 0000 1004.4
00640 04.06.16 10:39:52 00000001 00000000 00000003 00000000 0000 0000 0000 0000 1004.4
00641 04.06.16 10:40:52 00000004 00000000 00000002 00000000 0000 0000 0000 0000 1004.4
00642 04.06.16 10:41:52 00000001 00000001 00000001 00000001 0000 0000 0000 0000 1004.4
00643 04.06.16 10:42:52 00000000 00000001 00000002 00000000 0000 0000 0000 0000 1004.4
00644 04.06.16 10:43:52 00000003 00000000 00000004 00000000 0000 0000 0000 0000 1004.3
00645 04.06.16 10:44:52 00000002 00000000 00000002 00000003 0000 0000 0000 0000 1004.3
00646 04.06.16 10:45:52 00000005 00000000 00000003 00000000 0000 0000 0000 0000 1004.3
00647 04.06.16 10:46:52 00000001 00000001 00000004 00000001 0000 0000 0000 0000 1004.3
00648 04.06.16 10:47:52 00000003 00000000 00000007 00000000 0000 0000 0000 0000 1004.3
00649 04.06.16 10:48:52 00000000 00000000 00000003 00000001 0000 0000 0000 0000 1004.3
00650 04.06.16 10:49:52 00000001 00000001 00000005 00000000 0000 0000 0000 0000 1004.3
00651 04.06.16 10:50:52 00000002 00000001 00000004 00000002 0000 0000 0000 0000 1004.3
00652 04.06.16 10:51:52 00000001 00000001 00000006 00000000 0000 0000 0000 0000 1004.3
00653 04.06.16 10:52:52 00000000 00000001 00000004 00000000 0000 0000 0000 0000 1004.3
00654 04.06.16 10:53:52 00000003 00000000 00000003 00000000 0000 0000 0000 0000 1004.4
00655 04.06.16 10:54:52 00000000 00000000 00000003 00000001 0000 0000 0000 0000 1004.4
00656 04.06.16 10:55:52 00000003 00000000 00000002 00000001 0000 0000 0000 0000 1004.3
00657 04.06.16 10:56:52 00000000 00000000 00000003 00000000 0000 0000 0000 0000 1004.3
00658 04.06.16 10:57:52 00000001 00000000 00000002 00000000 0000 0000 0000 0000 1004.3
00659 04.06.16 10:58:52 00000002 00000000 00000006 00000000 0000 0000 0000 0000 1004.3
00660 04.06.16 10:59:52 00000001 00000001 00000004 00000000 0000 0000 0000 0000 1004.3
00661 04.06.16 11:00:52 00000004 00000000 00000008 00000000 0000 0000 0000 0000 1004.3
00662 04.06.16 11:01:52 00000005 00000000 00000002 00000000 0000 0000 0000 0000 1004.3
00663 04.06.16 11:02:52 00000002 00000000 00000003 00000001 0000 0000 0000 0000 1004.3
00664 04.06.16 11:03:52 00000003 00000002 00000000 00000001 0000 0000 0000 0000 1004.3
00665 04.06.16 11:04:52 00000001 00000000 00000002 00000000 0000 0000 0000 0000 1004.3
00666 04.06.16 11:05:52 00000005 00000001 00000003 00000001 0000 0000 0000 0000 1004.4
00667 04.06.16 11:06:52 00000001 00000001 00000002 00000000 0000 0000 0000 0000 1004.3
00668 04.06.16 11:07:52 00000001 00000000 00000008 00000001 0000 0000 0000 0000 1004.3
00669 04.06.16 11:08:52 00000000 00000001 00000001 00000001 0000 0000 0000 0000 1004.3
00670 04.06.16 11:09:52 00000001 00000000 00000003 00000001 0000 0000 0000 0000 1004.2
00671 04.06.16 11:10:52 00000001 00000002 00000005 00000000 0000 0000 0000 0000 1004.3
00672 04.06.16 11:11:52 00000000 00000000 00000003 00000001 0000 0000 0000 0000 1004.2
00673 04.06.16 11:12:52 00000005 00000000 00000003 00000000 0000 0000 0000 0000 1004.4
00674 04.06.16 11:13:52 00000001 00000002 00000003 00000001 0000 0000 0000 0000 1004.4
00675 04.06.16 11:14:52 00000002 00000001 00000001 00000001 0000 0000 0000 0000 1004.4
00676 04.06.16 11:15:52 00000000 00000000 00000007 00000001 0000 0000 0000 0000 1004.5
00677 04.06.16 11:16:52 00000003 00000000 00000004 00000000 0000 0000 0000 0000 1004.4
00678 04.06.16 11:17:52 00000002 00000000 00000003 00000000 0000 0000 0000 0000 1004.3
00679 04.06.16 11:18:52 00000000 00000001 00000003 00000000 0000 0000 0000 0000 1004.4
00680 04.06.16 11:19:52 00000002 00000000 00000003 00000000 0000 0000 0000 0000 1004.4
00681 04.06.16 11:20:52 00000003 00000000 00000002 00000000 0000 0000 0000 0000 1004.4
00682 04.06.16 11:21:52 00000002 00000001 00000005 00000000 0000 0000 0000 0000 1004.4
00683 04.06.16 11:22:52 00000002 00000000 00000005 00000000 0000 0000 0000 0000 1004.3
00684 04.06.16 11:23:52 00000000 00000001 00000002 00000002 0000 0000 0000 0000 1004.4
00685 04.06.16 11:24:52 00000001 00000002 00000004 00000001 0000 0000 0000 0000 1004.5
00686 04.06.16 11:25:52 00000003 00000000 00000002 00000000 0000 0000 0000 0000 1004.5
00687 04.06.16 11:26:52 00000001 00000000 00000003 00000001 0000 0000 0000 0000 1004.4
00688 04.06.16 11:27:52 00000000 00000001 00000003 00000001 0000 0000 0000 0000 1004.4
00689 04.06.16 11:28:52 00000001 00000000 00000003 00000002 0000 0000 0000 0000 1004.5
00690 04.06.16 11:29:52 00000004 00000000 00000003 00000000 0000 0000 0000 0000 1004.4
00691 04.06.16 11:30:52 00000002 00000001 00000002 00000000 0000 0000 0000 0000 1004.5
00692 04.06.16 11:31:52 00000003 00000000 00000001 00000000 0000 0000 0000 0000 1004.5
00693 04.06.16 11:32:52 00000002 00000000 00000002 00000000 0000 0000 0000 0000 1004.4
00694 04.06.16 11:33:52 00000001 00000000 00000005 00000000 0000 0000 0000 0000 1004.4
00695 04.06.16 11:34:52 00000000 00000000 00000006 00000000 0000 0000 0000 0000 1004.4
00696 04.06.16 11:35:52 00000001 00000000 00000006 00000000 0000 0000 0000 0000 1004.3
00697 04.06.16 11:36:52 00000001 00000000 00000003 00000001 0000 0000 0000 0000 1004.4
00698 04.06.16 11:37:52 00000001 00000000 00000005 00000000 0000 0000 0000 0000 1004.4
00699 04.06.16 11:38:52 00000001 00000000 00000007 00000002 0000 0000 0000 0000 1004.4
00700 04.06.16 11:39:52 00000002 00000001 00000004 00000001 0000 0000 0000 0000 1004.4
00701 04.06.16 11:40:52 00000001 00000000 00000002 00000000 0000 0000 0000 0000 1004.4
00702 04.06.16 11:41:52 00000000 00000000 00000002 00000001 0000 0000 0000 0000 1004.4
00703 04.06.16 11:42:52 00000001 00000000 00000006 00000000 0000 0000 0000 0000 1004.4
00704 04.06.16 11:43:52 00000001 00000000 00000001 00000001 0000 0000 0000 0000 1004.4
00705 04.06.16 11:44:52 00000001 00000000 00000003 00000000 0000 0000 0000 0000 1004.4
00706 04.06.16 11:45:52 00000002 00000000 00000001 00000001 0000 0000 0000 0000 1004.4
00707 04.06.16 11:46:52 00000000 00000001 00000004 00000001 0000 0000 0000 0000 1004.4
00708 04.06.16 11:47:52 00000004 00000000 00000006 00000002 0000 0000 0000 0000 1004.4
00709 04.06.16 11:48:52 00000001 00000000 00000002 00000000 0000 0000 0000 0000 1004.4
00710 04.06.16 11:49:52 00000002 00000000 00000003 00000000 0000 0000 0000 0000 1004.4
00711 04.06.16 11:50:52 00000002 00000000 00000004 00000002 0000 0000 0000 0000 1004.4
00712 04.06.16 11:51:52 00000005 00000000 00000002 00000001 0000 0000 0000 0000 1004.4
00713 04.06.16 11:52:52 00000001 00000000 00000000 00000000 0000 0000 0000 0000 1004.4
00714 04.06.16 11:53:52 00000002 00000000 00000007 00000000 0000 0000 0000 0000 1004.5
00715 04.06.16 11:54:52 00000000 00000000 00000003 00000000 0000 0000 0000 0000 1004.4
00716 04.06.16 11:55:52 00000004 00000000 00000003 00000000 0000 0000 0000 0000 1004.4
00717 04.06.16 11:56:52 00000003 00000001 00000004 00000000 0000 0000 0000 0000 1004.5
00718 04.06.16 11:57:52 00000002 00000000 00000004 00000000 0000 0000 0000 0000 1004.5
00719 04.06.16 11:58:52 00000000 00000000 00000000 00000001 0000 0000 0000 0000 1004.5
00720 04.06.16 11:59:52 00000001 00000000 00000007 00000001 0000 0000 0000 0000 1004.5
00721 04.06.16 12:00:52 00000002 00000000 00000004 00000001 0000 0000 0000 0000 1004.5
00722 04.06.16 12:01:52 00000002 00000000 00000003 00000000 0000 0000 0000 0000 1004.5
00723 04.06.16 12:02:52 00000001 00000000 00000004 00000000 0000 0000 0000 0000 1004.5
00724 04.06.16 12:03:52 00000000 00000000 00000000 00000000 0000 0000 0000 0000 1004.5
00725 04.06.16 12:04:52 00000004 00000001 00000004 00000001 0000 0000 0000 0000 1004.5
00726 04.06.16 12:05:52 00000000 00000000 00000004 00000000 0000 0000 0000 0000 1004.5
00727 04.06.16 12:06:52 00000001 00000000 00000004 00000000 0000 0000 0000 0000 1004.6
00728 04.06.16 12:07:52 00000002 00000000 00000000 00000000 0000 0000 0000 0000 1004.5
00729 04.06.16 12:08:52 00000000 00000000 00000008 00000000 0000 0000 0000 0000 1004.5
00730 04.06.16 12:09:52 00000000 00000002 00000001 00000000 0000 0000 0000 0000 1004.5
00731 04.06.16 12:10:52 00000004 00000001 00000004 00000001 0000 0000 0000 0000 1004.5
00732 04.06.16 12:11:52 00000000 00000001 00000002 00000001 0000 0000 0000 0000 1004.5
00733 04.06.16 12:12:52 00000002 00000000 00000003 00000000 0000 0000 0000 0000 1004.5
00734 04.06.16 12:13:52 00000002 00000002 00000005 00000001 0000 0000 0000 0000 1004.5
00735 04.06.16 12:14:52 00000004 00000000 00000000 00000001 0000 0000 0000 0000 1004.5
00736 04.06.16 12:15:52 00000004 00000000 00000004 00000000 0000 0000 0000 0000 1004.5
00737 04.06.16 12:16:52 00000003 00000001 00000002 00000000 0000 0000 0000 0000 1004.5
00738 04.06.16 12:17:52 00000001 00000001 00000004 00000000 0000 0000 0000 0000 1004.5
00739 04.06.16 12:18:52 00000006 00000000 00000002 00000003 0000 0000 0000 0000 1004.5
00740 04.06.16 12:19:52 00000002 00000000 00000007 00000000 0000 0000 0000 0000 1004.5
00741 04.06.16 12:20:52 00000002 00000001 00000006 00000000 0000 0000 0000 0000 1004.5
00742 04.06.16 12:21:52 00000000 00000000 00000002 00000001 0000 0000 0000 0000 1004.5
00743 04.06.16 12:22:52 00000003 00000000 00000006 00000000 0000 0000 0000 0000 1004.5
00744 04.06.16 12:23:52 00000002 00000000 00000005 00000000 0000 0000 0000 0000 1004.5
00745 04.06.16 12:24:52 00000003 00000003 00000003 00000000 0000 0000 0000 0000 1004.5
00746 04.06.16 12:25:52 00000001 00000001 00000002 00000000 0000 0000 0000 0000 1004.5
00747 04.06.16 12:26:52 00000003 00000000 00000002 00000000 0000 0000 0000 0000 1004.5
00748 04.06.16 12:27:52 00000000 00000000 00000002 00000000 0000 0000 0000 0000 1004.5
00749 04.06.16 12:28:52 00000000 00000001 00000004 00000001 0000 0000 0000 0000 1004.5
00750 04.06.16 12:29:52 00000001 00000000 00000005 00000001 0000 0000 0000 0000 1004.5
00751 04.06.16 12:30:52 00000001 00000000 00000002 00000001 0000 0000 0000 0000 1004.5
00752 04.06.16 12:31:52 00000004 00000001 00000001 00000002 0000 0000 0000 0000 1004.5
00753 04.06.16 12:32:52 00000001 00000001 00000003 00000001 0000 0000 0000 0000 1004.5
00754 04.06.16 12:33:52 00000000 00000000 00000004 00000000 0000 0000 0000 0000 1004.5
00755 04.06.16 12:34:52 00000003 00000000 00000007 00000000 0000 0000 0000 0000 1004.5
00756 04.06.16 12:35:52 00000000 00000000 00000005 00000001 0000 0000 0000 0000 1004.5
00757 04.06.16 12:36:52 00000002 00000000 00000002 00000002 0000 0000 0000 0000 1004.5
00758 04.06.16 12:37:52 00000001 00000000 00000005 00000001 0000 0000 0000 0000 1004.5
00759 04.06.16 12:38:52 00000003 00000000 00000002 00000000 0000 0000 0000 0000 1004.5
00760 04.06.16 12:39:52 00000002 00000001 00000005 00000000 0000 0000 0000 0000 1004.5
00761 04.06.16 12:40:52 00000002 00000000 00000001 00000001 0000 0000 0000 0000 1004.5
00762 04.06.16 12:41:52 00000002 00000001 00000003 00000001 0000 0000 0000 0000 1004.5
00763 04.06.16 12:42:52 00000005 00000000 00000004 00000001 0000 0000 0000 0000 1004.5
00764 04.06.16 12:43:52 00000001 00000000 00000003 00000001 0000 0000 0000 0000 1004.5
00765 04.06.16 12:44:52 00000000 00000000 00000000 00000000 0000 0000 0000 0000 1004.5
00766 04.06.16 12:45:52 00000001 00000001 00000001 00000000 0000 0000 0000 0000 1004.5
00767 04.06.16 12:46:52 00000002 00000001 00000003 00000001 0000 0000 0000 0000 1004.5
00768 04.06.16 12:47:52 00000002 00000000 00000004 00000000 0000 0000 0000 0000 1004.5
00769 04.06.16 12:48:52 00000001 00000000 00000004 00000000 0000 0000 0000 0000 1004.5
00770 04.06.16 12:49:52 00000001 00000002 00000002 00000001 0000 0000 0000 0000 1004.5
00771 04.06.16 12:50:52 00000001 00000001 00000002 00000000 0000 0000 0000 0000 1004.5
00772 04.06.16 12:51:52 00000000 00000000 00000000 00000000 0000 0000 0000 0000 1004.5
00773 04.06.16 12:52:52 00000000 00000000 00000004 00000000 0000 0000 0000 0000 1004.5
00774 04.06.16 12:53:52 00000000 00000000 00000001 00000000 0000 0000 0000 0000 1004.5
00775 04.06.16 12:54:52 00000002 00000001 00000001 00000000 0000 0000 0000 0000 1004.4
00776 04.06.16 12:55:52 00000003 00000001 00000003 00000000 0000 0000 0000 0000 1004.5
00777 04.06.16 12:56:52 00000000 00000000 00000002 00000000 0000 0000 0000 0000 1004.4
00778 04.06.16 12:57:52 00000000 00000002 00000004 00000001 0000 0000 0000 0000 1004.4
00779 04.06.16 12:58:52 00000007 00000000 00000002 00000002 0000 0000 0000 0000 1004.4
00780 04.06.16 12:59:52 00000001 00000001 00000003 00000001 0000 0000 0000 0000 1004.4
00781 04.06.16 13:00:52 00000002 00000000 00000004 00000000 0000 0000 0000 0000 1004.4
00782 04.06.16 13:01:52 00000001 00000000 00000002 00000000 0000 0000 0000 0000 1004.4
00783 04.06.16 13:02:52 00000001 00000000 00000007 00000000 0000 0000 0000 0000 1004.4
00784 04.06.16 13:03:52 00000001 00000001 00000004 00000000 0000 0000 0000 0000 1004.4
00785 04.06.16 13:04:52 00000002 00000001 00000003 00000000 0000 0000 0000 0000 1004.4
00786 04.06.16 13:05:52 00000002 00000000 00000004 00000001 0000 0000 0000 0000 1004.4
00787 04.06.16 13:06:52 00000000 00000001 00000006 00000002 0000 0000 0000 0000 1004.4
00788 04.06.16 13:07:52 00000000 00000000 00000002 00000000 0000 0000 0000 0000 1004.4
00789 04.06.16 13:08:52 00000001 00000002 00000003 00000001 0000 0000 0000 0000 1004.5
00790 04.06.16 13:09:52 00000001 00000002 00000003 00000001 0000 0000 0000 0000 1004.5
00791 04.06.16 13:10:52 00000001 00000000 00000004 00000000 0000 0000 0000 0000 1004.4
00792 04.06.16 13:11:52 00000004 00000000 00000003 00000001 0000 0000 0000 0000 1004.4
00793 04.06.16 13:12:52 00000001 00000001 00000002 00000000 0000 0000 0000 0000 1004.5
00794 04.06.16 13:13:52 00000000 00000000 00000002 00000000 0000 0000 0000 0000 1004.5
00795 04.06.16 13:14:52 00000001 00000000 00000000 00000001 0000 0000 0000 0000 1004.4
00796 04.06.16 13:15:52 00000001 00000000 00000002 00000001 0000 0000 0000 0000 1004.4
00797 04.06.16 13:16:52 00000003 00000000 00000009 00000001 0000 0000 0000 0000 1004.5
00798 04.06.16 13:17:52 00000001 00000001 00000003 00000000 0000 0000 0000 0000 1004.4
00799 04.06.16 13:18:52 00000000 00000000 00000001 00000000 0000 0000 0000 0000 1004.4
00800 04.06.16 13:19:52 00000001 00000000 00000001 00000001 0000 0000 0000 0000 1004.4
00801 04.06.16 13:20:52 00000002 00000001 00000003 00000000 0000 0000 0000 0000 1004.5
00802 04.06.16 13:21:52 00000000 00000001 00000005 00000001 0000 0000 0000 0000 1004.4
00803 04.06.16 13:22:52 00000001 00000000 00000002 00000001 0000 0000 0000 0000 1004.4
00804 04.06.16 13:23:52 00000000 00000000 00000001 00000000 0000 0000 0000 0000 1004.4
00805 04.06.16 13:24:52 00000003 00000001 00000004 00000002 0000 0000 0000 0000 1004.4
00806 04.06.16 13:25:52 00000002 00000000 00000003 00000000 0000 0000 0000 0000 1004.4
00807 04.06.16 13:26:52 00000000 00000001 00000003 00000000 0000 0000 0000 0000 1004.4
00808 04.06.16 13:27:52 00000000 00000000 00000004 00000002 0000 0000 0000 0000 1004.3
00809 04.06.16 13:28:52 00000000 00000000 00000003 00000000 0000 0000 0000 0000 1004.4
00810 04.06.16 13:29:52 00000002 00000001 00000004 00000001 0000 0000 0000 0000 1004.4
00811 04.06.16 13:30:52 00000005 00000000 00000002 00000000 0000 0000 0000 0000 1004.4
00812 04.06.16 13:31:52 00000002 00000000 00000004 00000003 0000 0000 0000 0000 1004.4
00813 04.06.16 13:32:52 00000001 00000000 00000006 00000001 0000 0000 0000 0000 1004.4
00814 04.06.16 13:33:52 00000003 00000001 00000004 00000000 0000 0000 0000 0000 1004.3
00815 04.06.16 13:34:52 00000004 00000001 00000002 00000001 0000 0000 0000 0000 1004.4
00816 04.06.16 13:35:52 00000002 00000000 00000004 00000001 0000 0000 0000 0000 1004.4
00817 04.06.16 13:36:52 00000001 00000000 00000003 00000000 0000 0000 0000 0000 1004.3
00818 04.06.16 13:37:52 00000002 00000000 00000003 00000000 0000 0000 0000 0000 1004.4
00819 04.06.16 13:38:52 00000003 00000001 00000003 00000000 0000 0000 0000 0000 1004.4
00820 04.06.16 13:39:52 00000001 00000002 00000001 00000002 0000 0000 0000 0000 1004.2
00821 04.06.16 13:40:52 00000000 00000000 00000004 00000000 0000 0000 0000 0000 1004.3
00822 04.06.16 13:41:52 00000001 00000000 00000005 00000000 0000 0000 0000 0000 1004.2
00823 04.06.16 13:42:52 00000001 00000001 00000005 00000000 0000 0000 0000 0000 1004.3
00824 04.06.16 13:43:52 00000002 00000000 00000000 00000000 0000 0000 0000 0000 1004.2
00825 04.06.16 13:44:52 00000000 00000000 00000002 00000004 0000 0000 0000 0000 1004.3
00826 04.06.16 13:45:52 00000000 00000001 00000001 00000000 0000 0000 0000 0000 1004.2
00827 04.06.16 13:46:52 00000002 00000000 00000001 00000001 0000 0000 0000 0000 1004.2
00828 04.06.16 13:47:52 00000000 00000000 00000005 00000003 0000 0000 0000 0000 1004.2
00829 04.06.16 13:48:52 00000004 00000001 00000003 00000000 0000 0000 0000 0000 1004.3
00830 04.06.16 13:49:52 00000001 00000001 00000005 00000000 0000 0000 0000 0000 1004.2
00831 04.06.16 13:50:52 00000002 00000000 00000002 00000000 0000 0000 0000 0000 1004.2
00832 04.06.16 13:51:52 00000002 00000000 00000005 00000000 0000 0000 0000 0000 1004.2
00833 04.06.16 13:52:52 00000002 00000000 00000001 00000001 0000 0000 0000 0000 1004.2
00834 04.06.16 13:53:52 00000000 00000000 00000004 00000000 0000 0000 0000 0000 1004.4
00835 04.06.16 13:54:52 00000005 00000001 00000002 00000000 0000 0000 0000 0000 1004.3
00836 04.06.16 13:55:52 00000002 00000001 00000000 00000001 0000 0000 0000 0000 1004.4
00837 04.06.16 13:56:52 00000000 00000000 00000000 00000001 0000 0000 0000 0000 1004.4
00838 04.06.16 13:57:52 00000000 00000000 00000005 00000001 0000 0000 0000 0000 1004.4
00839 04.06.16 13:58:52 00000003 00000000 00000002 00000000 0000 0000 0000 0000 1004.4
00840 04.06.16 13:59:52 00000002 00000000 00000004 00000000 0000 0000 0000 0000 1004.5
00841 04.06.16 14:00:52 00000002 00000000 00000004 00000000 0000 0000 0000 0000 1004.4
00842 04.06.16 14:01:52 00000002 00000000 00000004 00000001 0000 0000 0000 0000 1004.4
00843 04.06.16 14:02:52 00000001 00000002 00000004 00000000 0000 0000 0000 0000 1004.4
00844 04.06.16 14:03:52 00000001 00000000 00000004 00000000 0000 0000 0000 0000 1004.4
00845 04.06.16 14:04:52 00000001 00000000 00000001 00000000 0000 0000 0000 0000 1004.4
00846 04.06.16 14:05:52 00000001 00000001 00000001 00000001 0000 0000 0000 0000 1004.5
00847 04.06.16 14:06:52 00000002 00000000 00000008 00000000 0000 0000 0000 0000 1004.4
00848 04.06.16 14:07:52 00000001 00000001 00000004 00000000 0000 0000 0000 0000 1004.5
00849 04.06.16 14:08:52 00000001 00000001 00000006 00000000 0000 0000 0000 0000 1004.5
00850 04.06.16 14:09:52 00000001 00000001 00000001 00000000 0000 0000 0000 0000 1004.5
00851 04.06.16 14:10:52 00000002 00000001 00000004 00000000 0000 0000 0000 0000 1004.4
00852 04.06.16 14:11:52 00000003 00000000 00000002 00000000 0000 0000 0000 0000 1004.5
00853 04.06.16 14:12:52 00000001 00000000 00000002 00000000 0000 0000 0000 0000 1004.5
00854 04.06.16 14:13:52 00000001 00000000 00000003 00000000 0000 0000 0000 0000 1004.5
00855 04.06.16 14:14:52 00000001 00000000 00000003 00000000 0000 0000 0000 0000 1004.4
00856 04.06.16 14:15:52 00000000 00000000 00000005 00000001 0000 0000 0000 0000 1004.4
