00001 04.04.16 09:47:29 00000000 00000024 00000076 00004974 0000 0000 0000 0000 1001.5
00002 04.04.16 10:47:29 00000000 00000029 00000037 00016947 0000 0000 0000 0000  999.6
00003 04.04.16 11:47:29 00000000 00000019 00000038 00017200 0000 0000 0000 0000 1005.6
00004 04.04.16 12:47:29 00000000 00000029 00000029 00017028 0000 0000 0000 0000 1007.1
00005 04.04.16 13:47:29 00000000 00000032 00000033 00017144 0000 0000 0000 0000 1008.1
00006 04.04.16 14:47:29 00000000 00000020 00000029 00016953 0000 0000 0000 0000 1007.3
00007 04.04.16 15:47:29 00000000 00000027 00000031 00017308 0000 0000 0000 0000 1006.9
00008 04.04.16 16:47:29 00000000 00000022 00000035 00017108 0000 0000 0000 0000 1005.7
00009 04.04.16 17:47:29 00000000 00000029 00000033 00017259 0000 0000 0000 0000 1003.5
00010 04.04.16 18:47:29 00000000 00000036 00000030 00017230 0000 0000 0000 0000 1002.8
00011 04.04.16 19:47:29 00000000 00000035 00000029 00017209 0000 0000 0000 0000 1002.3
00012 04.04.16 20:47:29 00000000 00000025 00000041 00016952 0000 0000 0000 0000 1002.2
00013 04.04.16 21:47:29 00000000 00000024 00000030 00016946 0000 0000 0000 0000 1001.6
00014 04.04.16 22:47:29 00000003 00000021 00000048 00017096 0000 0000 0000 0000 1001.4
00015 04.04.16 23:47:29 00000007 00000020 00000017 00017067 0000 0000 0000 0000 1001.1
