00001 08.04.16 00:47:29 00000000 00000024 00000000 00000000 0000 0000 0000 0000  998.9
00002 08.04.16 01:47:29 00000000 00046271 00000046 00000198 0000 0000 0000 0000  999.0
00003 08.04.16 02:47:29 00000000 00045633 00000052 00000204 0000 0000 0000 0000  999.1
00004 08.04.16 03:47:29 00000000 00046153 00000046 00000174 0000 0000 0000 0000  999.1
00005 08.04.16 04:47:29 00000000 00046019 00000040 00000199 0000 0000 0000 0000  999.3
00006 08.04.16 05:47:29 00000000 00045591 00000037 00000206 0000 0000 0000 0000  999.3
00007 08.04.16 06:47:29 00000000 00046298 00000053 00000209 0000 0000 0000 0000  999.3
00008 08.04.16 07:47:29 00000000 00045569 00000053 00000215 0000 0000 0000 0000  999.5
00009 08.04.16 08:47:29 00000000 00026800 00018625 00000204 0000 0000 0000 0000  999.7
00010 08.04.16 09:47:29 00000000 00000039 00045408 00000207 0000 0000 0000 0000 1001.5
00011 08.04.16 10:47:29 00000000 00000033 00045517 00000207 0000 0000 0000 0000 1001.7
00012 08.04.16 11:47:29 00000000 00000045 00045789 00000204 0000 0000 0000 0000 1002.0
00013 08.04.16 12:47:29 00000000 00000032 00045418 00000194 0000 0000 0000 0000 1002.4
00014 08.04.16 13:47:29 00000000 00000028 00045236 00000182 0000 0000 0000 0000 1002.5
00015 08.04.16 14:47:29 00000000 00000034 00045187 00000204 0000 0000 0000 0000 1002.1
00016 08.04.16 15:47:29 00000000 00000034 00045217 00000219 0000 0000 0000 0000 1001.8
00017 08.04.16 16:47:29 00000000 00000032 00045458 00000197 0000 0000 0000 0000 1001.0
00018 08.04.16 17:47:29 00000000 00000032 00045301 00000191 0000 0000 0000 0000 1001.0
00019 08.04.16 18:47:29 00000000 00000031 00045367 00000223 0000 0000 0000 0000 1001.0
00020 08.04.16 19:47:29 00000000 00000036 00045526 00000219 0000 0000 0000 0000 1001.0
00021 08.04.16 20:47:29 00000000 00000032 00045174 00000211 0000 0000 0000 0000 1000.9
00022 08.04.16 21:47:29 00000000 00000040 00045557 00000218 0000 0000 0000 0000 1000.8
00023 08.04.16 22:47:29 00000000 00000034 00045538 00000200 0000 0000 0000 0000 1000.8
00024 08.04.16 23:47:29 00000000 00000041 00045584 00000211 0000 0000 0000 0000 1000.8
