00001 05.04.16 00:47:29 00000000 00000000 00000000 00000011 0000 0000 0000 0000 1001.9
00002 05.04.16 01:47:29 00000011 00000033 00000035 00017079 0000 0000 0000 0000 1001.8
00003 05.04.16 02:47:29 00000013 00000034 00000020 00017029 0000 0000 0000 0000 1001.6
00004 05.04.16 03:47:29 00000013 00000028 00000033 00017306 0000 0000 0000 0000 1001.5
00005 05.04.16 04:47:29 00000009 00000022 00000033 00017135 0000 0000 0000 0000 1001.4
00006 05.04.16 05:47:29 00000001 00000035 00000035 00017116 0000 0000 0000 0000 1001.2
00007 05.04.16 06:47:29 00000000 00000027 00000050 00017103 0000 0000 0000 0000 1001.1
00008 05.04.16 07:47:29 00000000 00000029 00000041 00017110 0000 0000 0000 0000 1001.0
00009 05.04.16 08:47:29 00000000 00000020 00000048 00016851 0000 0000 0000 0000 1001.0
00010 05.04.16 09:47:29 00000001 00000031 00000032 00016949 0000 0000 0000 0000 1001.3
00011 05.04.16 10:47:29 00000008 00000034 00000039 00017036 0000 0000 0000 0000  999.1
00012 05.04.16 11:47:29 00000014 00000030 00000022 00016918 0000 0000 0000 0000  999.3
00013 05.04.16 12:47:29 00000017 00000022 00000047 00017095 0000 0000 0000 0000  999.1
00014 05.04.16 13:47:29 00000017 00000029 00000037 00017095 0000 0000 0000 0000  998.8
00015 05.04.16 14:47:29 00000012 00000029 00000034 00017196 0000 0000 0000 0000  999.0
00016 05.04.16 15:47:29 00000007 00000019 00000028 00017099 0000 0000 0000 0000  998.9
00017 05.04.16 16:47:29 00000008 00000028 00000032 00017297 0000 0000 0000 0000  998.5
00018 05.04.16 17:47:29 00000008 00000024 00000035 00017326 0000 0000 0000 0000  998.0
00019 05.04.16 18:47:29 00000007 00000030 00000030 00017131 0000 0000 0000 0000  997.7
00020 05.04.16 19:47:29 00000001 00000018 00000035 00017110 0000 0000 0000 0000  997.3
00021 05.04.16 20:47:29 00000002 00000025 00000028 00017287 0000 0000 0000 0000  996.8
00022 05.04.16 21:47:29 00000000 00000029 00000025 00017117 0000 0000 0000 0000  996.5
00023 05.04.16 22:47:29 00000000 00000026 00000032 00017011 0000 0000 0000 0000  996.4
00024 05.04.16 23:47:29 00000000 00000030 00000038 00017168 0000 0000 0000 0000  997.0
