00001 09.04.16 00:47:29 00000000 00000000 00000025 00000000 0000 0000 0000 0000 1000.8
00002 09.04.16 01:47:29 00000000 00000038 00045260 00000208 0000 0000 0000 0000 1000.9
00003 09.04.16 02:47:29 00000000 00000037 00045733 00000189 0000 0000 0000 0000 1000.8
00004 09.04.16 03:47:29 00000000 00000038 00045218 00000185 0000 0000 0000 0000 1000.8
00005 09.04.16 04:47:29 00000000 00000034 00045109 00000201 0000 0000 0000 0000 1000.9
00006 09.04.16 05:47:29 00000000 00000041 00045320 00000219 0000 0000 0000 0000 1001.0
00007 09.04.16 06:47:29 00000000 00000026 00045328 00000202 0000 0000 0000 0000 1001.0
00008 09.04.16 07:47:29 00000000 00000026 00045284 00000199 0000 0000 0000 0000 1001.0
00009 09.04.16 08:47:29 00000000 00000037 00045238 00000214 0000 0000 0000 0000 1001.0
00010 09.04.16 09:47:29 00000000 00000029 00045483 00000202 0000 0000 0000 0000 1000.9
00011 09.04.16 10:47:29 00000000 00000044 00045333 00000207 0000 0000 0000 0000 1001.0
00012 09.04.16 11:47:29 00000000 00000040 00045383 00000185 0000 0000 0000 0000 1001.0
00013 09.04.16 12:47:29 00000000 00000030 00045116 00000208 0000 0000 0000 0000 1001.0
00014 09.04.16 13:47:29 00000000 00000042 00044887 00000201 0000 0000 0000 0000 1001.0
00015 09.04.16 14:47:29 00000000 00000031 00045147 00000201 0000 0000 0000 0000 1001.0
00016 09.04.16 15:47:29 00000000 00000048 00045454 00000199 0000 0000 0000 0000 1001.0
00017 09.04.16 16:47:29 00000000 00000049 00045341 00000219 0000 0000 0000 0000 1001.0
00018 09.04.16 17:47:29 00000000 00000024 00045400 00000193 0000 0000 0000 0000 1001.0
00019 09.04.16 18:47:29 00000000 00000033 00045397 00000190 0000 0000 0000 0000 1000.9
00020 09.04.16 19:47:29 00000000 00000027 00045144 00000203 0000 0000 0000 0000 1000.9
00021 09.04.16 20:47:29 00000000 00000034 00045379 00000199 0000 0000 0000 0000 1000.9
00022 09.04.16 21:47:29 00000000 00000029 00045621 00000195 0000 0000 0000 0000 1000.9
00023 09.04.16 22:47:29 00000000 00000038 00045356 00000183 0000 0000 0000 0000 1000.9
00024 09.04.16 23:47:29 00000000 00000039 00045546 00000177 0000 0000 0000 0000 1001.0
