-14.325
-11.9375
-9.55
-7.1625
-4.775
-2.3875
-1.7763568394e-15
2.3875
4.775
7.1625
9.55
11.9375
14.325
16.7125
19.1
21.4875
23.875
26.2625
28.65
31.0375
33.425
35.8125
38.2
40.5875
42.975
45.3625
47.75
50.1375
52.525
54.9125
57.3
59.6875
62.075
64.4625
66.85
69.2375
71.625
74.0125
76.4
78.7875
81.175
83.5625
85.95
88.3375
90.725
93.1125
95.5
97.8875
100.275
102.6625
105.05
107.4375
109.825
112.2125
114.6
116.9875
119.375
121.7625
124.15
126.5375
128.925
131.3125
133.7
136.0875
138.475
140.8625
143.25
145.6375
148.025
150.4125
152.8
155.1875
157.575
159.9625
162.35
164.7375
167.125
169.5125
171.9
174.2875
176.675
179.0625
181.45
183.8375
186.225
188.6125
191.0
193.3875
195.775
198.1625
200.55
202.9375
205.325
207.7125
210.1
212.4875
214.875
217.2625
219.65
222.0375
224.425
226.8125
229.2
231.5875
233.975
236.3625
238.75
241.1375
243.525
245.9125
248.3
250.6875
253.075
255.4625
257.85
260.2375
262.625
265.0125
267.4
269.7875
272.175
274.5625
276.95
279.3375
281.725
284.1125
286.5
288.8875
291.275
293.6625
296.05
298.4375
300.825
303.2125
305.6
307.9875
310.375
312.7625
315.15
317.5375
319.925
322.3125
324.7
327.0875
329.475
331.8625
334.25
336.6375
339.025
341.4125
343.8
346.1875
348.575
350.9625
353.35
355.7375
358.125
360.5125
362.9
365.2875
367.675
370.0625
372.45
374.8375
377.225
379.6125
382.0
384.3875
386.775
389.1625
391.55
393.9375
396.325
398.7125
401.1
403.4875
405.875
408.2625
410.65
413.0375
415.425
417.8125
420.2
422.5875
424.975
427.3625
429.75
432.1375
434.525
436.9125
439.3
441.6875
444.075
446.4625
448.85
451.2375
453.625
456.0125
458.4
460.7875
463.175
465.5625
467.95
470.3375
472.725
475.1125
477.5
479.8875
482.275
484.6625
487.05
489.4375
491.825
494.2125
496.6
498.9875
501.375
503.7625
506.15
508.5375
510.925
513.3125
515.7
518.0875
520.475
522.8625
525.25
527.6375
530.025
532.4125
534.8
537.1875
539.575
541.9625
544.35
546.7375
549.125
551.5125
553.9
556.2875
558.675
561.0625
563.45
565.8375
568.225
570.6125
573.0
575.3875
577.775
580.1625
582.55
584.9375
587.325
589.7125
592.1
594.4875
596.875
599.2625
601.65
604.0375
606.425
608.8125
611.2
613.5875
615.975
618.3625
620.75
623.1375
625.525
627.9125
630.3
632.6875
635.075
637.4625
639.85
642.2375
644.625
647.0125
649.4
651.7875
654.175
656.5625
658.95
661.3375
663.725
666.1125
668.5
670.8875
673.275
675.6625
678.05
680.4375
682.825
685.2125
687.6
689.9875
692.375
694.7625
697.15
699.5375
701.925
704.3125
706.7
709.0875
711.475
713.8625
716.25
718.6375
721.025
723.4125
725.8
728.1875
730.575
732.9625
735.35
737.7375
740.125
742.5125
744.9
747.2875
749.675
752.0625
754.45
756.8375
759.225
761.6125
764.0
766.3875
768.775
771.1625
773.55
775.9375
778.325
780.7125
783.1
785.4875
787.875
790.2625
792.65
795.0375
797.425
799.8125
802.2
804.5875
806.975
809.3625
811.75
814.1375
816.525
818.9125
821.3
823.6875
826.075
828.4625
830.85
833.2375
835.625
838.0125
840.4
842.7875
845.175
847.5625
849.95
852.3375
854.725
857.1125
859.5
861.8875
864.275
866.6625
869.05
871.4375
873.825
876.2125
878.6
880.9875
883.375
885.7625
888.15
890.5375
892.925
895.3125
897.7
900.0875
902.475
904.8625
907.25
909.6375
912.025
914.4125
916.8
919.1875
921.575
923.9625
926.35
928.7375
931.125
933.5125
935.9
938.2875
940.675
943.0625
945.45
947.8375
950.225
952.6125
955.0
957.3875
959.775
962.1625
964.55
966.9375
969.325
971.7125
974.1
976.4875
978.875
981.2625
983.65
986.0375
988.425
990.8125
993.2
995.5875
997.975
1000.3625
1002.75
1005.1375
1007.525
1009.9125
1012.3
1014.6875
1017.075
1019.4625
1021.85
1024.2375
1026.625
1029.0125
1031.4
1033.7875
1036.175
1038.5625
1040.95
1043.3375
1045.725
1048.1125
1050.5
1052.8875
1055.275
1057.6625
1060.05
1062.4375
1064.825
1067.2125
1069.6
1071.9875
1074.375
1076.7625
1079.15
1081.5375
1083.925
1086.3125
1088.7
1091.0875
1093.475
1095.8625
1098.25
1100.6375
1103.025
1105.4125
1107.8
1110.1875
1112.575
1114.9625
1117.35
1119.7375
1122.125
1124.5125
1126.9
1129.2875
1131.675
1134.0625
1136.45
1138.8375
1141.225
1143.6125
1146.0
1148.3875
1150.775
1153.1625
1155.55
1157.9375
1160.325
1162.7125
1165.1
1167.4875
1169.875
1172.2625
1174.65
1177.0375
1179.425
1181.8125
1184.2
1186.5875
1188.975
1191.3625
1193.75
1196.1375
1198.525
1200.9125
1203.3
1205.6875
1208.075
1210.4625
1212.85
1215.2375
1217.625
1220.0125
1222.4
1224.7875
1227.175
1229.5625
1231.95
1234.3375
1236.725
1239.1125
1241.5
1243.8875
1246.275
1248.6625
1251.05
1253.4375
1255.825
1258.2125
1260.6
1262.9875
1265.375
1267.7625
1270.15
1272.5375
1274.925
1277.3125
1279.7
1282.0875
1284.475
1286.8625
1289.25
1291.6375
1294.025
1296.4125
1298.8
1301.1875
1303.575
1305.9625
1308.35
1310.7375
1313.125
1315.5125
1317.9
1320.2875
1322.675
1325.0625
1327.45
1329.8375
1332.225
1334.6125
1337.0
1339.3875
1341.775
1344.1625
1346.55
1348.9375
1351.325
1353.7125
1356.1
1358.4875
1360.875
1363.2625
1365.65
1368.0375
1370.425
1372.8125
1375.2
1377.5875
1379.975
1382.3625
1384.75
1387.1375
1389.525
1391.9125
1394.3
1396.6875
1399.075
1401.4625
1403.85
1406.2375
1408.625
1411.0125
1413.4
1415.7875
1418.175
1420.5625
1422.95
1425.3375
1427.725
1430.1125
1432.5
1434.8875
1437.275
1439.6625
1442.05
1444.4375
1446.825
1449.2125
1451.6
1453.9875
1456.375
1458.7625
1461.15
1463.5375
1465.925
1468.3125
1470.7
1473.0875
1475.475
1477.8625
1480.25
1482.6375
1485.025
1487.4125
1489.8
1492.1875
1494.575
1496.9625
1499.35
1501.7375
1504.125
1506.5125
1508.9
1511.2875
1513.675
1516.0625
1518.45
1520.8375
1523.225
1525.6125
1528.0
1530.3875
1532.775
1535.1625
1537.55
1539.9375
1542.325
1544.7125
1547.1
1549.4875
1551.875
1554.2625
1556.65
1559.0375
1561.425
1563.8125
1566.2
1568.5875
1570.975
1573.3625
1575.75
1578.1375
1580.525
1582.9125
1585.3
1587.6875
1590.075
1592.4625
1594.85
1597.2375
1599.625
1602.0125
1604.4
1606.7875
1609.175
1611.5625
1613.95
1616.3375
1618.725
1621.1125
1623.5
1625.8875
1628.275
1630.6625
1633.05
1635.4375
1637.825
1640.2125
1642.6
1644.9875
1647.375
1649.7625
1652.15
1654.5375
1656.925
1659.3125
1661.7
1664.0875
1666.475
1668.8625
1671.25
1673.6375
1676.025
1678.4125
1680.8
1683.1875
1685.575
1687.9625
1690.35
1692.7375
1695.125
1697.5125
1699.9
1702.2875
1704.675
1707.0625
1709.45
1711.8375
1714.225
1716.6125
1719.0
1721.3875
1723.775
1726.1625
1728.55
1730.9375
1733.325
1735.7125
1738.1
1740.4875
1742.875
1745.2625
1747.65
1750.0375
1752.425
1754.8125
1757.2
1759.5875
1761.975
1764.3625
1766.75
1769.1375
1771.525
1773.9125
1776.3
1778.6875
1781.075
1783.4625
1785.85
1788.2375
1790.625
1793.0125
1795.4
1797.7875
1800.175
1802.5625
1804.95
1807.3375
1809.725
1812.1125
1814.5
1816.8875
1819.275
1821.6625
1824.05
1826.4375
1828.825
1831.2125
1833.6
1835.9875
1838.375
1840.7625
1843.15
1845.5375
1847.925
1850.3125
1852.7
1855.0875
1857.475
1859.8625
1862.25
1864.6375
1867.025
1869.4125
1871.8
1874.1875
1876.575
1878.9625
1881.35
1883.7375
1886.125
1888.5125
1890.9
1893.2875
1895.675
1898.0625
1900.45
1902.8375
1905.225
1907.6125
1910.0
1912.3875
1914.775
1917.1625
1919.55
1921.9375
1924.325
1926.7125
1929.1
1931.4875
1933.875
1936.2625
1938.65
1941.0375
1943.425
1945.8125
1948.2
1950.5875
1952.975
1955.3625
1957.75
1960.1375
1962.525
1964.9125
1967.3
1969.6875
1972.075
1974.4625
1976.85
1979.2375
1981.625
1984.0125
1986.4
1988.7875
1991.175
1993.5625
1995.95
1998.3375
2000.725
2003.1125
2005.5
2007.8875
2010.275
2012.6625
2015.05
2017.4375
2019.825
2022.2125
2024.6
2026.9875
2029.375
2031.7625
2034.15
2036.5375
2038.925
2041.3125
2043.7
2046.0875
2048.475
2050.8625
2053.25
2055.6375
2058.025
2060.4125
2062.8
2065.1875
2067.575
2069.9625
2072.35
2074.7375
2077.125
2079.5125
2081.9
2084.2875
2086.675
2089.0625
2091.45
2093.8375
2096.225
2098.6125
2101.0
2103.3875
2105.775
2108.1625
2110.55
2112.9375
2115.325
2117.7125
2120.1
2122.4875
2124.875
2127.2625
2129.65
2132.0375
2134.425
2136.8125
2139.2
2141.5875
2143.975
2146.3625
2148.75
2151.1375
2153.525
2155.9125
2158.3
2160.6875
2163.075
2165.4625
2167.85
2170.2375
2172.625
2175.0125
2177.4
2179.7875
2182.175
2184.5625
2186.95
2189.3375
2191.725
2194.1125
2196.5
2198.8875
2201.275
2203.6625
2206.05
2208.4375
2210.825
2213.2125
2215.6
2217.9875
2220.375
2222.7625
2225.15
2227.5375
2229.925
2232.3125
2234.7
2237.0875
2239.475
2241.8625
2244.25
2246.6375
2249.025
2251.4125
2253.8
2256.1875
2258.575
2260.9625
2263.35
2265.7375
2268.125
2270.5125
2272.9
2275.2875
2277.675
2280.0625
2282.45
2284.8375
2287.225
2289.6125
2292.0
2294.3875
2296.775
2299.1625
2301.55
2303.9375
2306.325
2308.7125
2311.1
2313.4875
2315.875
2318.2625
2320.65
2323.0375
2325.425
2327.8125
2330.2
2332.5875
2334.975
2337.3625
2339.75
2342.1375
2344.525
2346.9125
2349.3
2351.6875
2354.075
2356.4625
2358.85
2361.2375
2363.625
2366.0125
2368.4
2370.7875
2373.175
2375.5625
2377.95
2380.3375
2382.725
2385.1125
2387.5
2389.8875
2392.275
2394.6625
2397.05
2399.4375
2401.825
2404.2125
2406.6
2408.9875
2411.375
2413.7625
2416.15
2418.5375
2420.925
2423.3125
2425.7
2428.0875
2430.475
2432.8625
2435.25
2437.6375
2440.025
2442.4125
2444.8
2447.1875
2449.575
2451.9625
2454.35
2456.7375
2459.125
2461.5125
2463.9
2466.2875
2468.675
2471.0625
2473.45
2475.8375
2478.225
2480.6125
2483.0
2485.3875
2487.775
2490.1625
2492.55
2494.9375
2497.325
2499.7125
2502.1
2504.4875
2506.875
2509.2625
2511.65
2514.0375
2516.425
2518.8125
2521.2
2523.5875
2525.975
2528.3625
2530.75
2533.1375
2535.525
2537.9125
2540.3
2542.6875
2545.075
2547.4625
2549.85
2552.2375
2554.625
2557.0125
2559.4
2561.7875
2564.175
2566.5625
2568.95
2571.3375
2573.725
2576.1125
2578.5
2580.8875
2583.275
2585.6625
2588.05
2590.4375
2592.825
2595.2125
2597.6
2599.9875
2602.375
2604.7625
2607.15
2609.5375
2611.925
2614.3125
2616.7
2619.0875
2621.475
2623.8625
2626.25
2628.6375
2631.025
2633.4125
2635.8
2638.1875
2640.575
2642.9625
2645.35
2647.7375
2650.125
2652.5125
2654.9
2657.2875
2659.675
2662.0625
2664.45
2666.8375
2669.225
2671.6125
2674.0
2676.3875
2678.775
2681.1625
2683.55
2685.9375
2688.325
2690.7125
2693.1
2695.4875
2697.875
2700.2625
2702.65
2705.0375
2707.425
2709.8125
2712.2
2714.5875
2716.975
2719.3625
2721.75
2724.1375
2726.525
2728.9125
2731.3
2733.6875
2736.075
2738.4625
2740.85
2743.2375
2745.625
2748.0125
2750.4
2752.7875
2755.175
2757.5625
2759.95
2762.3375
2764.725
2767.1125
2769.5
2771.8875
2774.275
2776.6625
2779.05
2781.4375
2783.825
2786.2125
2788.6
2790.9875
2793.375
2795.7625
2798.15
2800.5375
2802.925
2805.3125
2807.7
2810.0875
2812.475
2814.8625
2817.25
2819.6375
2822.025
2824.4125
2826.8
2829.1875
2831.575
2833.9625
2836.35
2838.7375
2841.125
2843.5125
2845.9
2848.2875
2850.675
2853.0625
2855.45
2857.8375
2860.225
2862.6125
2865.0
2867.3875
2869.775
2872.1625
2874.55
2876.9375
2879.325
2881.7125
2884.1
2886.4875
2888.875
2891.2625
2893.65
2896.0375
2898.425
2900.8125
2903.2
2905.5875
2907.975
2910.3625
2912.75
2915.1375
2917.525
2919.9125
2922.3
2924.6875
2927.075
2929.4625
2931.85
2934.2375
2936.625
2939.0125
2941.4
2943.7875
2946.175
2948.5625
2950.95
2953.3375
2955.725
2958.1125
2960.5
2962.8875
2965.275
2967.6625
2970.05
2972.4375
2974.825
2977.2125
2979.6
2981.9875
2984.375
2986.7625
2989.15
2991.5375
2993.925
2996.3125
2998.7
3001.0875
3003.475
3005.8625
3008.25
3010.6375
3013.025
3015.4125
3017.8
3020.1875
3022.575
3024.9625
3027.35
3029.7375
3032.125
3034.5125
3036.9
3039.2875
3041.675
3044.0625
3046.45
3048.8375
3051.225
3053.6125
3056.0
3058.3875
3060.775
3063.1625
3065.55
3067.9375
3070.325
3072.7125
3075.1
3077.4875
3079.875
3082.2625
3084.65
3087.0375
3089.425
3091.8125
3094.2
3096.5875
3098.975
3101.3625
3103.75
3106.1375
3108.525
3110.9125
3113.3
3115.6875
3118.075
3120.4625
3122.85
3125.2375
3127.625
3130.0125
3132.4
3134.7875
3137.175
3139.5625
3141.95
3144.3375
3146.725
3149.1125
3151.5
3153.8875
3156.275
3158.6625
3161.05
3163.4375
3165.825
3168.2125
3170.6
3172.9875
3175.375
3177.7625
3180.15
3182.5375
3184.925
3187.3125
3189.7
3192.0875
3194.475
3196.8625
3199.25
3201.6375
3204.025
3206.4125
3208.8
3211.1875
3213.575
3215.9625
3218.35
3220.7375
3223.125
3225.5125
3227.9
3230.2875
3232.675
3235.0625
3237.45
3239.8375
3242.225
3244.6125
3247.0
3249.3875
3251.775
3254.1625
3256.55
3258.9375
3261.325
3263.7125
3266.1
3268.4875
3270.875
3273.2625
3275.65
3278.0375
3280.425
3282.8125
3285.2
3287.5875
3289.975
3292.3625
3294.75
3297.1375
3299.525
3301.9125
3304.3
3306.6875
3309.075
3311.4625
3313.85
3316.2375
3318.625
3321.0125
3323.4
3325.7875
3328.175
3330.5625
3332.95
3335.3375
3337.725
3340.1125
3342.5
3344.8875
3347.275
3349.6625
3352.05
3354.4375
3356.825
3359.2125
3361.6
3363.9875
3366.375
3368.7625
3371.15
3373.5375
3375.925
3378.3125
3380.7
3383.0875
3385.475
3387.8625
3390.25
3392.6375
3395.025
3397.4125
3399.8
3402.1875
3404.575
3406.9625
3409.35
3411.7375
3414.125
3416.5125
3418.9
3421.2875
3423.675
3426.0625
3428.45
3430.8375
3433.225
3435.6125
3438.0
3440.3875
3442.775
3445.1625
3447.55
3449.9375
3452.325
3454.7125
3457.1
3459.4875
3461.875
3464.2625
3466.65
3469.0375
3471.425
3473.8125
3476.2
3478.5875
3480.975
3483.3625
3485.75
3488.1375
3490.525
3492.9125
3495.3
3497.6875
3500.075
3502.4625
3504.85
3507.2375
3509.625
3512.0125
3514.4
3516.7875
3519.175
3521.5625
3523.95
3526.3375
3528.725
3531.1125
3533.5
3535.8875
3538.275
3540.6625
3543.05
3545.4375
3547.825
3550.2125
3552.6
3554.9875
3557.375
3559.7625
3562.15
3564.5375
3566.925
3569.3125
3571.7
3574.0875
3576.475
3578.8625
3581.25
3583.6375
3586.025
3588.4125
3590.8
3593.1875
3595.575
3597.9625
3600.35
3602.7375
3605.125
3607.5125
3609.9
3612.2875
3614.675
3617.0625
3619.45
3621.8375
3624.225
3626.6125
3629.0
3631.3875
3633.775
3636.1625
3638.55
3640.9375
3643.325
3645.7125
3648.1
3650.4875
3652.875
3655.2625
3657.65
3660.0375
3662.425
3664.8125
3667.2
3669.5875
3671.975
3674.3625
3676.75
3679.1375
3681.525
3683.9125
3686.3
3688.6875
3691.075
3693.4625
3695.85
3698.2375
3700.625
3703.0125
3705.4
3707.7875
3710.175
3712.5625
3714.95
3717.3375
3719.725
3722.1125
3724.5
3726.8875
3729.275
3731.6625
3734.05
3736.4375
3738.825
3741.2125
3743.6
3745.9875
3748.375
3750.7625
3753.15
3755.5375
3757.925
3760.3125
3762.7
3765.0875
3767.475
3769.8625
3772.25
3774.6375
3777.025
3779.4125
3781.8
3784.1875
3786.575
3788.9625
3791.35
3793.7375
3796.125
3798.5125
3800.9
3803.2875
3805.675
3808.0625
3810.45
3812.8375
3815.225
3817.6125
3820.0
3822.3875
3824.775
3827.1625
3829.55
3831.9375
3834.325
3836.7125
3839.1
3841.4875
3843.875
3846.2625
3848.65
3851.0375
3853.425
3855.8125
3858.2
3860.5875
3862.975
3865.3625
3867.75
3870.1375
3872.525
3874.9125
3877.3
3879.6875
3882.075
3884.4625
3886.85
3889.2375
3891.625
3894.0125
3896.4
3898.7875
3901.175
3903.5625
3905.95
3908.3375
3910.725
3913.1125
3915.5
3917.8875
3920.275
3922.6625
3925.05
3927.4375
3929.825
3932.2125
3934.6
3936.9875
3939.375
3941.7625
3944.15
3946.5375
3948.925
3951.3125
3953.7
3956.0875
3958.475
3960.8625
3963.25
3965.6375
3968.025
3970.4125
3972.8
3975.1875
3977.575
3979.9625
3982.35
3984.7375
3987.125
3989.5125
3991.9
3994.2875
3996.675
3999.0625
4001.45
4003.8375
4006.225
4008.6125
4011.0
4013.3875
4015.775
4018.1625
4020.55
4022.9375
4025.325
4027.7125
4030.1
4032.4875
4034.875
4037.2625
4039.65
4042.0375
4044.425
4046.8125
4049.2
4051.5875
4053.975
4056.3625
4058.75
4061.1375
4063.525
4065.9125
4068.3
4070.6875
4073.075
4075.4625
4077.85
4080.2375
4082.625
4085.0125
4087.4
4089.7875
4092.175
4094.5625
4096.95
4099.3375
4101.725
4104.1125
4106.5
4108.8875
4111.275
4113.6625
4116.05
4118.4375
4120.825
4123.2125
4125.6
4127.9875
4130.375
4132.7625
4135.15
4137.5375
4139.925
4142.3125
4144.7
4147.0875
4149.475
4151.8625
4154.25
4156.6375
4159.025
4161.4125
4163.8
4166.1875
4168.575
4170.9625
4173.35
4175.7375
4178.125
4180.5125
4182.9
4185.2875
4187.675
4190.0625
4192.45
4194.8375
4197.225
4199.6125
4202.0
4204.3875
4206.775
4209.1625
4211.55
4213.9375
4216.325
4218.7125
4221.1
4223.4875
4225.875
4228.2625
4230.65
4233.0375
4235.425
4237.8125
4240.2
4242.5875
4244.975
4247.3625
4249.75
4252.1375
4254.525
4256.9125
4259.3
4261.6875
4264.075
4266.4625
4268.85
4271.2375
4273.625
4276.0125
4278.4
4280.7875
4283.175
4285.5625
4287.95
4290.3375
4292.725
4295.1125
4297.5
4299.8875
4302.275
4304.6625
4307.05
4309.4375
4311.825
4314.2125
4316.6
4318.9875
4321.375
4323.7625
4326.15
4328.5375
4330.925
4333.3125
4335.7
4338.0875
4340.475
4342.8625
4345.25
4347.6375
4350.025
4352.4125
4354.8
4357.1875
4359.575
4361.9625
4364.35
4366.7375
4369.125
4371.5125
4373.9
4376.2875
4378.675
4381.0625
4383.45
4385.8375
4388.225
4390.6125
4393.0
4395.3875
4397.775
4400.1625
4402.55
4404.9375
4407.325
4409.7125
4412.1
4414.4875
4416.875
4419.2625
4421.65
4424.0375
4426.425
4428.8125
4431.2
4433.5875
4435.975
4438.3625
4440.75
4443.1375
4445.525
4447.9125
4450.3
4452.6875
4455.075
4457.4625
4459.85
4462.2375
4464.625
4467.0125
4469.4
4471.7875
4474.175
4476.5625
4478.95
4481.3375
4483.725
4486.1125
4488.5
4490.8875
4493.275
4495.6625
4498.05
4500.4375
4502.825
4505.2125
4507.6
4509.9875
4512.375
4514.7625
4517.15
4519.5375
4521.925
4524.3125
4526.7
4529.0875
4531.475
4533.8625
4536.25
4538.6375
4541.025
4543.4125
4545.8
4548.1875
4550.575
4552.9625
4555.35
4557.7375
4560.125
4562.5125
4564.9
4567.2875
4569.675
4572.0625
4574.45
4576.8375
4579.225
4581.6125
4584.0
4586.3875
4588.775
4591.1625
4593.55
4595.9375
4598.325
4600.7125
4603.1
4605.4875
4607.875
4610.2625
4612.65
4615.0375
4617.425
4619.8125
4622.2
4624.5875
4626.975
4629.3625
4631.75
4634.1375
4636.525
4638.9125
4641.3
4643.6875
4646.075
4648.4625
4650.85
4653.2375
4655.625
4658.0125
4660.4
4662.7875
4665.175
4667.5625
4669.95
4672.3375
4674.725
4677.1125
4679.5
4681.8875
4684.275
4686.6625
4689.05
4691.4375
4693.825
4696.2125
4698.6
4700.9875
4703.375
4705.7625
4708.15
4710.5375
4712.925
4715.3125
4717.7
4720.0875
4722.475
4724.8625
4727.25
4729.6375
4732.025
4734.4125
4736.8
4739.1875
4741.575
4743.9625
4746.35
4748.7375
4751.125
4753.5125
4755.9
4758.2875
4760.675
4763.0625
4765.45
4767.8375
4770.225
4772.6125
4775.0
4777.3875
4779.775
4782.1625
4784.55
4786.9375
4789.325
4791.7125
4794.1
4796.4875
4798.875
4801.2625
4803.65
4806.0375
4808.425
4810.8125
4813.2
4815.5875
4817.975
4820.3625
4822.75
4825.1375
4827.525
4829.9125
4832.3
4834.6875
4837.075
4839.4625
4841.85
4844.2375
4846.625
4849.0125
4851.4
4853.7875
4856.175
4858.5625
4860.95
4863.3375
4865.725
4868.1125
4870.5
4872.8875
4875.275
4877.6625
4880.05
4882.4375
4884.825
4887.2125
4889.6
4891.9875
4894.375
4896.7625
4899.15
4901.5375
4903.925
4906.3125
4908.7
4911.0875
4913.475
4915.8625
4918.25
4920.6375
4923.025
4925.4125
4927.8
4930.1875
4932.575
4934.9625
4937.35
4939.7375
4942.125
4944.5125
4946.9
4949.2875
4951.675
4954.0625
4956.45
4958.8375
4961.225
4963.6125
4966.0
4968.3875
4970.775
4973.1625
4975.55
4977.9375
4980.325
4982.7125
4985.1
4987.4875
4989.875
4992.2625
4994.65
4997.0375
4999.425
5001.8125
5004.2
5006.5875
5008.975
5011.3625
5013.75
5016.1375
5018.525
5020.9125
5023.3
5025.6875
5028.075
5030.4625
5032.85
5035.2375
5037.625
5040.0125
5042.4
5044.7875
5047.175
5049.5625
5051.95
5054.3375
5056.725
5059.1125
5061.5
5063.8875
5066.275
5068.6625
5071.05
5073.4375
5075.825
5078.2125
5080.6
5082.9875
5085.375
5087.7625
5090.15
5092.5375
5094.925
5097.3125
5099.7
5102.0875
5104.475
5106.8625
5109.25
5111.6375
5114.025
5116.4125
5118.8
5121.1875
5123.575
5125.9625
5128.35
5130.7375
5133.125
5135.5125
5137.9
5140.2875
5142.675
5145.0625
5147.45
5149.8375
5152.225
5154.6125
5157.0
5159.3875
5161.775
5164.1625
5166.55
5168.9375
5171.325
5173.7125
5176.1
5178.4875
5180.875
5183.2625
5185.65
5188.0375
5190.425
5192.8125
5195.2
5197.5875
5199.975
5202.3625
5204.75
5207.1375
5209.525
5211.9125
5214.3
5216.6875
5219.075
5221.4625
5223.85
5226.2375
5228.625
5231.0125
5233.4
5235.7875
5238.175
5240.5625
5242.95
5245.3375
5247.725
5250.1125
5252.5
5254.8875
5257.275
5259.6625
5262.05
5264.4375
5266.825
5269.2125
5271.6
5273.9875
5276.375
5278.7625
5281.15
5283.5375
5285.925
5288.3125
5290.7
5293.0875
5295.475
5297.8625
5300.25
5302.6375
5305.025
5307.4125
5309.8
5312.1875
5314.575
5316.9625
5319.35
5321.7375
5324.125
5326.5125
5328.9
5331.2875
5333.675
5336.0625
5338.45
5340.8375
5343.225
5345.6125
5348.0
5350.3875
5352.775
5355.1625
5357.55
5359.9375
5362.325
5364.7125
5367.1
5369.4875
5371.875
5374.2625
5376.65
5379.0375
5381.425
5383.8125
5386.2
5388.5875
5390.975
5393.3625
5395.75
5398.1375
5400.525
5402.9125
5405.3
5407.6875
5410.075
5412.4625
5414.85
5417.2375
5419.625
5422.0125
5424.4
5426.7875
5429.175
5431.5625
5433.95
5436.3375
5438.725
5441.1125
5443.5
5445.8875
5448.275
5450.6625
5453.05
5455.4375
5457.825
5460.2125
5462.6
5464.9875
5467.375
5469.7625
5472.15
5474.5375
5476.925
5479.3125
5481.7
5484.0875
5486.475
5488.8625
5491.25
5493.6375
5496.025
5498.4125
5500.8
5503.1875
5505.575
5507.9625
5510.35
5512.7375
5515.125
5517.5125
5519.9
5522.2875
5524.675
5527.0625
5529.45
5531.8375
5534.225
5536.6125
5539.0
5541.3875
5543.775
5546.1625
5548.55
5550.9375
5553.325
5555.7125
5558.1
5560.4875
5562.875
5565.2625
5567.65
5570.0375
5572.425
5574.8125
5577.2
5579.5875
5581.975
5584.3625
5586.75
5589.1375
5591.525
5593.9125
5596.3
5598.6875
5601.075
5603.4625
5605.85
5608.2375
5610.625
5613.0125
5615.4
5617.7875
5620.175
5622.5625
5624.95
5627.3375
5629.725
5632.1125
5634.5
5636.8875
5639.275
5641.6625
5644.05
5646.4375
5648.825
5651.2125
5653.6
5655.9875
5658.375
5660.7625
5663.15
5665.5375
5667.925
5670.3125
5672.7
5675.0875
5677.475
5679.8625
5682.25
5684.6375
5687.025
5689.4125
5691.8
5694.1875
5696.575
5698.9625
5701.35
5703.7375
5706.125
5708.5125
5710.9
5713.2875
5715.675
5718.0625
5720.45
5722.8375
5725.225
5727.6125
5730.0
5732.3875
5734.775
5737.1625
5739.55
5741.9375
5744.325
5746.7125
5749.1
5751.4875
5753.875
5756.2625
5758.65
5761.0375
5763.425
5765.8125
5768.2
5770.5875
5772.975
5775.3625
5777.75
5780.1375
5782.525
5784.9125
5787.3
5789.6875
5792.075
5794.4625
5796.85
5799.2375
5801.625
5804.0125
5806.4
5808.7875
5811.175
5813.5625
5815.95
5818.3375
5820.725
5823.1125
5825.5
5827.8875
5830.275
5832.6625
5835.05
5837.4375
5839.825
5842.2125
5844.6
5846.9875
5849.375
5851.7625
5854.15
5856.5375
5858.925
5861.3125
5863.7
5866.0875
5868.475
5870.8625
5873.25
5875.6375
5878.025
5880.4125
5882.8
5885.1875
5887.575
5889.9625
5892.35
5894.7375
5897.125
5899.5125
5901.9
5904.2875
5906.675
5909.0625
5911.45
5913.8375
5916.225
5918.6125
5921.0
5923.3875
5925.775
5928.1625
5930.55
5932.9375
5935.325
5937.7125
5940.1
5942.4875
5944.875
5947.2625
5949.65
5952.0375
5954.425
5956.8125
5959.2
5961.5875
5963.975
5966.3625
5968.75
5971.1375
5973.525
5975.9125
5978.3
5980.6875
5983.075
5985.4625
5987.85
5990.2375
5992.625
5995.0125
5997.4
5999.7875
6002.175
6004.5625
6006.95
6009.3375
6011.725
6014.1125
6016.5
6018.8875
6021.275
6023.6625
6026.05
6028.4375
6030.825
6033.2125
6035.6
6037.9875
6040.375
6042.7625
6045.15
6047.5375
6049.925
6052.3125
6054.7
6057.0875
6059.475
6061.8625
6064.25
6066.6375
6069.025
6071.4125
6073.8
6076.1875
6078.575
6080.9625
6083.35
6085.7375
6088.125
6090.5125
6092.9
6095.2875
6097.675
6100.0625
6102.45
6104.8375
6107.225
6109.6125
6112.0
6114.3875
6116.775
6119.1625
6121.55
6123.9375
6126.325
6128.7125
6131.1
6133.4875
6135.875
6138.2625
6140.65
6143.0375
6145.425
6147.8125
6150.2
6152.5875
6154.975
6157.3625
6159.75
6162.1375
6164.525
6166.9125
6169.3
6171.6875
6174.075
6176.4625
6178.85
6181.2375
6183.625
6186.0125
6188.4
6190.7875
6193.175
6195.5625
6197.95
6200.3375
6202.725
6205.1125
6207.5
6209.8875
6212.275
6214.6625
6217.05
6219.4375
6221.825
6224.2125
6226.6
6228.9875
6231.375
6233.7625
6236.15
6238.5375
6240.925
6243.3125
6245.7
6248.0875
6250.475
6252.8625
6255.25
6257.6375
6260.025
6262.4125
6264.8
6267.1875
6269.575
6271.9625
6274.35
6276.7375
6279.125
6281.5125
6283.9
6286.2875
6288.675
6291.0625
6293.45
6295.8375
6298.225
6300.6125
6303.0
6305.3875
6307.775
6310.1625
6312.55
6314.9375
6317.325
6319.7125
6322.1
6324.4875
6326.875
6329.2625
6331.65
6334.0375
6336.425
6338.8125
6341.2
6343.5875
6345.975
6348.3625
6350.75
6353.1375
6355.525
6357.9125
6360.3
6362.6875
6365.075
6367.4625
6369.85
6372.2375
6374.625
6377.0125
6379.4
6381.7875
6384.175
6386.5625
6388.95
6391.3375
6393.725
6396.1125
6398.5
6400.8875
6403.275
6405.6625
6408.05
6410.4375
6412.825
6415.2125
6417.6
6419.9875
6422.375
6424.7625
6427.15
6429.5375
6431.925
6434.3125
6436.7
6439.0875
6441.475
6443.8625
6446.25
6448.6375
6451.025
6453.4125
6455.8
6458.1875
6460.575
6462.9625
6465.35
6467.7375
6470.125
6472.5125
6474.9
6477.2875
6479.675
6482.0625
6484.45
6486.8375
6489.225
6491.6125
6494.0
6496.3875
6498.775
6501.1625
6503.55
6505.9375
6508.325
6510.7125
6513.1
6515.4875
6517.875
6520.2625
6522.65
6525.0375
6527.425
6529.8125
6532.2
6534.5875
6536.975
6539.3625
6541.75
6544.1375
6546.525
6548.9125
6551.3
6553.6875
6556.075
6558.4625
6560.85
6563.2375
6565.625
6568.0125
6570.4
6572.7875
6575.175
6577.5625
6579.95
6582.3375
6584.725
6587.1125
6589.5
6591.8875
6594.275
6596.6625
6599.05
6601.4375
6603.825
6606.2125
6608.6
6610.9875
6613.375
6615.7625
6618.15
6620.5375
6622.925
6625.3125
6627.7
6630.0875
6632.475
6634.8625
6637.25
6639.6375
6642.025
6644.4125
6646.8
6649.1875
6651.575
6653.9625
6656.35
6658.7375
6661.125
6663.5125
6665.9
6668.2875
6670.675
6673.0625
6675.45
6677.8375
6680.225
6682.6125
6685.0
6687.3875
6689.775
6692.1625
6694.55
6696.9375
6699.325
6701.7125
6704.1
6706.4875
6708.875
6711.2625
6713.65
6716.0375
6718.425
6720.8125
6723.2
6725.5875
6727.975
6730.3625
6732.75
6735.1375
6737.525
6739.9125
6742.3
6744.6875
6747.075
6749.4625
6751.85
6754.2375
6756.625
6759.0125
6761.4
6763.7875
6766.175
6768.5625
6770.95
6773.3375
6775.725
6778.1125
6780.5
6782.8875
6785.275
6787.6625
6790.05
6792.4375
6794.825
6797.2125
6799.6
6801.9875
6804.375
6806.7625
6809.15
6811.5375
6813.925
6816.3125
6818.7
6821.0875
6823.475
6825.8625
6828.25
6830.6375
6833.025
6835.4125
6837.8
6840.1875
6842.575
6844.9625
6847.35
6849.7375
6852.125
6854.5125
6856.9
6859.2875
6861.675
6864.0625
6866.45
6868.8375
6871.225
6873.6125
6876.0
6878.3875
6880.775
6883.1625
6885.55
6887.9375
6890.325
6892.7125
6895.1
6897.4875
6899.875
6902.2625
6904.65
6907.0375
6909.425
6911.8125
6914.2
6916.5875
6918.975
6921.3625
6923.75
6926.1375
6928.525
6930.9125
6933.3
6935.6875
6938.075
6940.4625
6942.85
6945.2375
6947.625
6950.0125
6952.4
6954.7875
6957.175
6959.5625
6961.95
6964.3375
6966.725
6969.1125
6971.5
6973.8875
6976.275
6978.6625
6981.05
6983.4375
6985.825
6988.2125
6990.6
6992.9875
6995.375
6997.7625
7000.15
7002.5375
7004.925
7007.3125
7009.7
7012.0875
7014.475
7016.8625
7019.25
7021.6375
7024.025
7026.4125
7028.8
7031.1875
7033.575
7035.9625
7038.35
7040.7375
7043.125
7045.5125
7047.9
7050.2875
7052.675
7055.0625
7057.45
7059.8375
7062.225
7064.6125
7067.0
7069.3875
7071.775
7074.1625
7076.55
7078.9375
7081.325
7083.7125
7086.1
7088.4875
7090.875
7093.2625
7095.65
7098.0375
7100.425
7102.8125
7105.2
7107.5875
7109.975
7112.3625
7114.75
7117.1375
7119.525
7121.9125
7124.3
7126.6875
7129.075
7131.4625
7133.85
7136.2375
7138.625
7141.0125
7143.4
7145.7875
7148.175
7150.5625
7152.95
7155.3375
7157.725
7160.1125
7162.5
7164.8875
7167.275
7169.6625
7172.05
7174.4375
7176.825
7179.2125
7181.6
7183.9875
7186.375
7188.7625
7191.15
7193.5375
7195.925
7198.3125
7200.7
7203.0875
7205.475
7207.8625
7210.25
7212.6375
7215.025
7217.4125
7219.8
7222.1875
7224.575
7226.9625
7229.35
7231.7375
7234.125
7236.5125
7238.9
7241.2875
7243.675
7246.0625
7248.45
7250.8375
7253.225
7255.6125
7258.0
7260.3875
7262.775
7265.1625
7267.55
7269.9375
7272.325
7274.7125
7277.1
7279.4875
7281.875
7284.2625
7286.65
7289.0375
7291.425
7293.8125
7296.2
7298.5875
7300.975
7303.3625
7305.75
7308.1375
7310.525
7312.9125
7315.3
7317.6875
7320.075
7322.4625
7324.85
7327.2375
7329.625
7332.0125
7334.4
7336.7875
7339.175
7341.5625
7343.95
7346.3375
7348.725
7351.1125
7353.5
7355.8875
7358.275
7360.6625
7363.05
7365.4375
7367.825
7370.2125
7372.6
7374.9875
7377.375
7379.7625
7382.15
7384.5375
7386.925
7389.3125
7391.7
7394.0875
7396.475
7398.8625
7401.25
7403.6375
7406.025
7408.4125
7410.8
7413.1875
7415.575
7417.9625
7420.35
7422.7375
7425.125
7427.5125
7429.9
7432.2875
7434.675
7437.0625
7439.45
7441.8375
7444.225
7446.6125
7449.0
7451.3875
7453.775
7456.1625
7458.55
7460.9375
7463.325
7465.7125
7468.1
7470.4875
7472.875
7475.2625
7477.65
7480.0375
7482.425
7484.8125
7487.2
7489.5875
7491.975
7494.3625
7496.75
7499.1375
7501.525
7503.9125
7506.3
7508.6875
7511.075
7513.4625
7515.85
7518.2375
7520.625
7523.0125
7525.4
7527.7875
7530.175
7532.5625
7534.95
7537.3375
7539.725
7542.1125
7544.5
7546.8875
7549.275
7551.6625
7554.05
7556.4375
7558.825
7561.2125
7563.6
7565.9875
7568.375
7570.7625
7573.15
7575.5375
7577.925
7580.3125
7582.7
7585.0875
7587.475
7589.8625
7592.25
7594.6375
7597.025
7599.4125
7601.8
7604.1875
7606.575
7608.9625
7611.35
7613.7375
7616.125
7618.5125
7620.9
7623.2875
7625.675
7628.0625
7630.45
7632.8375
7635.225
7637.6125
7640.0
7642.3875
7644.775
7647.1625
7649.55
7651.9375
7654.325
7656.7125
7659.1
7661.4875
7663.875
7666.2625
7668.65
7671.0375
7673.425
7675.8125
7678.2
7680.5875
7682.975
7685.3625
7687.75
7690.1375
7692.525
7694.9125
7697.3
7699.6875
7702.075
7704.4625
7706.85
7709.2375
7711.625
7714.0125
7716.4
7718.7875
7721.175
7723.5625
7725.95
7728.3375
7730.725
7733.1125
7735.5
7737.8875
7740.275
7742.6625
7745.05
7747.4375
7749.825
7752.2125
7754.6
7756.9875
7759.375
7761.7625
7764.15
7766.5375
7768.925
7771.3125
7773.7
7776.0875
7778.475
7780.8625
7783.25
7785.6375
7788.025
7790.4125
7792.8
7795.1875
7797.575
7799.9625
7802.35
7804.7375
7807.125
7809.5125
7811.9
7814.2875
7816.675
7819.0625
7821.45
7823.8375
7826.225
7828.6125
7831.0
7833.3875
7835.775
7838.1625
7840.55
7842.9375
7845.325
7847.7125
7850.1
7852.4875
7854.875
7857.2625
7859.65
7862.0375
7864.425
7866.8125
7869.2
7871.5875
7873.975
7876.3625
7878.75
7881.1375
7883.525
7885.9125
7888.3
7890.6875
7893.075
7895.4625
7897.85
7900.2375
7902.625
7905.0125
7907.4
7909.7875
7912.175
7914.5625
7916.95
7919.3375
7921.725
7924.1125
7926.5
7928.8875
7931.275
7933.6625
7936.05
7938.4375
7940.825
7943.2125
7945.6
7947.9875
7950.375
7952.7625
7955.15
7957.5375
7959.925
7962.3125
7964.7
7967.0875
7969.475
7971.8625
7974.25
7976.6375
7979.025
7981.4125
7983.8
7986.1875
7988.575
7990.9625
7993.35
7995.7375
7998.125
8000.5125
8002.9
8005.2875
8007.675
8010.0625
8012.45
8014.8375
8017.225
8019.6125
8022.0
8024.3875
8026.775
8029.1625
8031.55
8033.9375
8036.325
8038.7125
8041.1
8043.4875
8045.875
8048.2625
8050.65
8053.0375
8055.425
8057.8125
8060.2
8062.5875
8064.975
8067.3625
8069.75
8072.1375
8074.525
8076.9125
8079.3
8081.6875
8084.075
8086.4625
8088.85
8091.2375
8093.625
8096.0125
8098.4
8100.7875
8103.175
8105.5625
8107.95
8110.3375
8112.725
8115.1125
8117.5
8119.8875
8122.275
8124.6625
8127.05
8129.4375
8131.825
8134.2125
8136.6
8138.9875
8141.375
8143.7625
8146.15
8148.5375
8150.925
8153.3125
8155.7
8158.0875
8160.475
8162.8625
8165.25
8167.6375
8170.025
8172.4125
8174.8
8177.1875
8179.575
8181.9625
8184.35
8186.7375
8189.125
8191.5125
8193.9
8196.2875
8198.675
8201.0625
8203.45
8205.8375
8208.225
8210.6125
8213.0
8215.3875
8217.775
8220.1625
8222.55
8224.9375
8227.325
8229.7125
8232.1
8234.4875
8236.875
8239.2625
8241.65
8244.0375
8246.425
8248.8125
8251.2
8253.5875
8255.975
8258.3625
8260.75
8263.1375
8265.525
8267.9125
8270.3
8272.6875
8275.075
8277.4625
8279.85
8282.2375
8284.625
8287.0125
8289.4
8291.7875
8294.175
8296.5625
8298.95
8301.3375
8303.725
8306.1125
8308.5
8310.8875
8313.275
8315.6625
8318.05
8320.4375
8322.825
8325.2125
8327.6
8329.9875
8332.375
8334.7625
8337.15
8339.5375
8341.925
8344.3125
8346.7
8349.0875
8351.475
8353.8625
8356.25
8358.6375
8361.025
8363.4125
8365.8
8368.1875
8370.575
8372.9625
8375.35
8377.7375
8380.125
8382.5125
8384.9
8387.2875
8389.675
8392.0625
8394.45
8396.8375
8399.225
8401.6125
8404.0
8406.3875
8408.775
8411.1625
8413.55
8415.9375
8418.325
8420.7125
8423.1
8425.4875
8427.875
8430.2625
8432.65
8435.0375
8437.425
8439.8125
8442.2
8444.5875
8446.975
8449.3625
8451.75
8454.1375
8456.525
8458.9125
8461.3
8463.6875
8466.075
8468.4625
8470.85
8473.2375
8475.625
8478.0125
8480.4
8482.7875
8485.175
8487.5625
8489.95
8492.3375
8494.725
8497.1125
8499.5
8501.8875
8504.275
8506.6625
8509.05
8511.4375
8513.825
8516.2125
8518.6
8520.9875
8523.375
8525.7625
8528.15
8530.5375
8532.925
8535.3125
8537.7
8540.0875
8542.475
8544.8625
8547.25
8549.6375
8552.025
8554.4125
8556.8
8559.1875
8561.575
8563.9625
8566.35
8568.7375
8571.125
8573.5125
8575.9
8578.2875
8580.675
8583.0625
8585.45
8587.8375
8590.225
8592.6125
8595.0
8597.3875
8599.775
8602.1625
8604.55
8606.9375
8609.325
8611.7125
8614.1
8616.4875
8618.875
8621.2625
8623.65
8626.0375
8628.425
8630.8125
8633.2
8635.5875
8637.975
8640.3625
8642.75
8645.1375
8647.525
8649.9125
8652.3
8654.6875
8657.075
8659.4625
8661.85
8664.2375
8666.625
8669.0125
8671.4
8673.7875
8676.175
8678.5625
8680.95
8683.3375
8685.725
8688.1125
8690.5
8692.8875
8695.275
8697.6625
8700.05
8702.4375
8704.825
8707.2125
8709.6
8711.9875
8714.375
8716.7625
8719.15
8721.5375
8723.925
8726.3125
8728.7
8731.0875
8733.475
8735.8625
8738.25
8740.6375
8743.025
8745.4125
8747.8
8750.1875
8752.575
8754.9625
8757.35
8759.7375
8762.125
8764.5125
8766.9
8769.2875
8771.675
8774.0625
8776.45
8778.8375
8781.225
8783.6125
8786.0
8788.3875
8790.775
8793.1625
8795.55
8797.9375
8800.325
8802.7125
8805.1
8807.4875
8809.875
8812.2625
8814.65
8817.0375
8819.425
8821.8125
8824.2
8826.5875
8828.975
8831.3625
8833.75
8836.1375
8838.525
8840.9125
8843.3
8845.6875
8848.075
8850.4625
8852.85
8855.2375
8857.625
8860.0125
8862.4
8864.7875
8867.175
8869.5625
8871.95
8874.3375
8876.725
8879.1125
8881.5
8883.8875
8886.275
8888.6625
8891.05
8893.4375
8895.825
8898.2125
8900.6
8902.9875
8905.375
8907.7625
8910.15
8912.5375
8914.925
8917.3125
8919.7
8922.0875
8924.475
8926.8625
8929.25
8931.6375
8934.025
8936.4125
8938.8
8941.1875
8943.575
8945.9625
8948.35
8950.7375
8953.125
8955.5125
8957.9
8960.2875
8962.675
8965.0625
8967.45
8969.8375
8972.225
8974.6125
8977.0
8979.3875
8981.775
8984.1625
8986.55
8988.9375
8991.325
8993.7125
8996.1
8998.4875
9000.875
9003.2625
9005.65
9008.0375
9010.425
9012.8125
9015.2
9017.5875
9019.975
9022.3625
9024.75
9027.1375
9029.525
9031.9125
9034.3
9036.6875
9039.075
9041.4625
9043.85
9046.2375
9048.625
9051.0125
9053.4
9055.7875
9058.175
9060.5625
9062.95
9065.3375
9067.725
9070.1125
9072.5
9074.8875
9077.275
9079.6625
9082.05
9084.4375
9086.825
9089.2125
9091.6
9093.9875
9096.375
9098.7625
9101.15
9103.5375
9105.925
9108.3125
9110.7
9113.0875
9115.475
9117.8625
9120.25
9122.6375
9125.025
9127.4125
9129.8
9132.1875
9134.575
9136.9625
9139.35
9141.7375
9144.125
9146.5125
9148.9
9151.2875
9153.675
9156.0625
9158.45
9160.8375
9163.225
9165.6125
9168.0
9170.3875
9172.775
9175.1625
9177.55
9179.9375
9182.325
9184.7125
9187.1
9189.4875
9191.875
9194.2625
9196.65
9199.0375
9201.425
9203.8125
9206.2
9208.5875
9210.975
9213.3625
9215.75
9218.1375
9220.525
9222.9125
9225.3
9227.6875
9230.075
9232.4625
9234.85
9237.2375
9239.625
9242.0125
9244.4
9246.7875
9249.175
9251.5625
9253.95
9256.3375
9258.725
9261.1125
9263.5
9265.8875
9268.275
9270.6625
9273.05
9275.4375
9277.825
9280.2125
9282.6
9284.9875
9287.375
9289.7625
9292.15
9294.5375
9296.925
9299.3125
9301.7
9304.0875
9306.475
9308.8625
9311.25
9313.6375
9316.025
9318.4125
9320.8
9323.1875
9325.575
9327.9625
9330.35
9332.7375
9335.125
9337.5125
9339.9
9342.2875
9344.675
9347.0625
9349.45
9351.8375
9354.225
9356.6125
9359.0
9361.3875
9363.775
9366.1625
9368.55
9370.9375
9373.325
9375.7125
9378.1
9380.4875
9382.875
9385.2625
9387.65
9390.0375
9392.425
9394.8125
9397.2
9399.5875
9401.975
9404.3625
9406.75
9409.1375
9411.525
9413.9125
9416.3
9418.6875
9421.075
9423.4625
9425.85
9428.2375
9430.625
9433.0125
9435.4
9437.7875
9440.175
9442.5625
9444.95
9447.3375
9449.725
9452.1125
9454.5
9456.8875
9459.275
9461.6625
9464.05
9466.4375
9468.825
9471.2125
9473.6
9475.9875
9478.375
9480.7625
9483.15
9485.5375
9487.925
9490.3125
9492.7
9495.0875
9497.475
9499.8625
9502.25
9504.6375
9507.025
9509.4125
9511.8
9514.1875
9516.575
9518.9625
9521.35
9523.7375
9526.125
9528.5125
9530.9
9533.2875
9535.675
9538.0625
9540.45
9542.8375
9545.225
9547.6125
9550.0
9552.3875
9554.775
9557.1625
9559.55
9561.9375
9564.325
9566.7125
9569.1
9571.4875
9573.875
9576.2625
9578.65
9581.0375
9583.425
9585.8125
9588.2
9590.5875
9592.975
9595.3625
9597.75
9600.1375
9602.525
9604.9125
9607.3
9609.6875
9612.075
9614.4625
9616.85
9619.2375
9621.625
9624.0125
9626.4
9628.7875
9631.175
9633.5625
9635.95
9638.3375
9640.725
9643.1125
9645.5
9647.8875
9650.275
9652.6625
9655.05
9657.4375
9659.825
9662.2125
9664.6
9666.9875
9669.375
9671.7625
9674.15
9676.5375
9678.925
9681.3125
9683.7
9686.0875
9688.475
9690.8625
9693.25
9695.6375
9698.025
9700.4125
9702.8
9705.1875
9707.575
9709.9625
9712.35
9714.7375
9717.125
9719.5125
9721.9
9724.2875
9726.675
9729.0625
9731.45
9733.8375
9736.225
9738.6125
9741.0
9743.3875
9745.775
9748.1625
9750.55
9752.9375
9755.325
9757.7125
9760.1
9762.4875
