0.00107148167639
0.0
0.0
0.0
0.0
0.0
0.0
0.0
0.0
0.0
0.0
0.0
0.0
0.0
0.000101976300708
0.000101976300708
0.000288432535003
0.000432648802504
0.000776628368365
0.000877233308218
0.00116278316044
0.00207499419419
0.00353430367509
0.00479122179057
0.00597227660567
0.00699581339734
0.00751773407554
0.00752123752462
0.00738734684302
0.0073052558644
0.00716312257687
0.00685430538185
0.00621285775123
0.00583204112814
0.00565485721127
0.00586667921143
0.00626825068014
0.0069296595879
0.00787240823681
0.0085162369566
0.00850378959351
0.00793342134218
0.00714534504174
0.00629474744454
0.00545948983669
0.00493126577744
0.00466699300408
0.00458336543634
0.00443125734492
0.00441421228585
0.00445161113797
0.00451635905065
0.00450359057017
0.00453135105703
0.0044636701179
0.00456938649255
0.00455751559707
0.00459318017286
0.00456281534221
0.00461745383269
0.00452601835355
0.00456884124672
0.00442268405139
0.00444409056413
0.00445251053343
0.00434771790764
0.0043184077384
0.00423177340497
0.00420801516895
0.00414632330392
0.00411357151364
0.00407766951787
0.00403087905816
0.00400569499079
0.00403715984704
0.00391139264737
0.00400823954185
0.00401743911575
0.00398217495707
0.00383841383635
0.00379598487652
0.00373789823338
0.00385938628213
0.00377454419128
0.00378824553177
0.00369952794092
0.00362126384292
0.00362521416506
0.0036621536511
0.0036108720298
0.00352906679175
0.00356858429094
0.00357545232585
0.00364430095249
0.00353010918278
0.00366406108079
0.00342093080089
0.00347449165112
0.00348905428118
0.00341771781477
0.0033490257784
0.00333372361025
0.00335127727176
0.00330094058083
0.00329521936237
0.00330081706981
0.00329884790588
0.00325154000353
0.00330032260718
0.0032934628173
0.0031554904681
0.00318677063746
0.00316141377024
0.00318971444879
0.00317714116877
0.00312949100313
0.0031380060725
0.00319246576502
0.00306151721701
0.00297364554554
0.00317117129218
0.00310372197376
0.00314796965038
0.00304708661567
0.00315412662007
0.00303740500058
0.00305419215053
0.00295653089969
0.00301109832466
0.00301271596183
0.00302170128414
0.00300528405894
0.00296186279559
0.0030528944028
0.00299272101589
0.00284516993403
0.0029297451306
0.0028947457196
0.00291996658328
0.00285550998616
0.00288419708608
0.00292044297236
0.00287634505038
0.00288149490601
0.00283284622265
0.00276133840454
0.00283636219494
0.00278088731975
0.00293852568319
0.00276397696835
0.00284977752672
0.00275830304628
0.00285886206254
0.00268303684005
0.00279354668694
0.00271645132928
0.00272791640284
0.00275081993839
0.00268926517079
0.00272238297558
0.00275113457281
0.00275551564852
0.00270402112572
0.00267854892365
0.00274382347813
0.00258597874002
0.00276073186692
0.00265453532431
0.00260683821199
0.00261325295721
0.00265398331785
0.00264646688495
0.0027260529247
0.00262212409581
0.00260847667749
0.00259608420036
0.00257883956925
0.00258428086217
0.00259625572866
0.00261126490289
0.00260651578194
0.00260156560732
0.00260468874307
0.00253574523111
0.00259342282771
0.00252739039944
0.00243094913767
0.0024617667122
0.00249269696278
0.00241805100964
0.00246074941504
0.00244651515414
0.00242574257656
0.00236408720076
0.00250760612836
0.00246356938995
0.00237878099183
0.00252955942619
0.002394360813
0.00232852472354
0.00241859306678
0.00239920519767
0.00238656285465
0.00239717882432
0.00235932011336
0.00229520569783
0.00224407796362
0.00242164085494
0.00231126861033
0.00229327614619
0.00234074369414
0.00227320308932
0.00231685535691
0.00234658423448
0.00225360143427
0.00237689342341
0.00226835947793
0.00229233237601
0.00224419926014
0.00229705826813
0.00219141101718
0.00220119599155
0.00233789468093
0.00228176791834
0.00213358158799
0.00218408888956
0.00229751312353
0.00222294072869
0.0021583413929
0.00226369669104
0.00207205890338
0.00222021344778
0.00218535667822
0.00207774125872
0.00221634490564
0.0021537246504
0.00218861062945
0.00214023905317
0.00202900295978
0.00219599936645
0.00210723192512
0.00211121841086
0.00219276495841
0.00209544247923
0.00210163229127
0.00211605950528
0.00215107056646
0.00209316340246
0.00215855351629
0.00212819098502
0.00204394289377
0.00205624424345
0.00201305258011
0.00211048329331
0.00202108943432
0.00205813759446
0.00202331826069
0.00205856419455
0.00208407874737
0.00197967378341
0.00198941249497
0.00194143752537
0.00203970070603
0.00197998298029
0.00200040538763
0.00204012501441
0.0019208035214
0.00192413847725
0.00194617047864
0.00195461522414
0.00191678553825
0.00192359859497
0.00196438685077
0.00178857324871
0.00186555382574
0.00188086838187
0.00183454463857
0.00177060831844
0.00189079556891
0.00177676766974
0.00190426840567
0.00187292973604
0.00188114780733
0.00176826030806
0.00173999998558
0.00178382790234
0.00179771378107
0.00177997995498
0.00173830785405
0.00177681638406
0.00176664424068
0.00169325843592
0.00172685676507
0.001807957428
0.00172956491362
0.00178684076305
0.00154690972259
0.00170142864091
0.00160362705293
0.00169525824535
0.0016802647328
0.00159289634947
0.00167032997007
0.00162739299695
0.00153871065735
0.00155668289496
0.00160065569429
0.00157472882635
0.00162029602209
0.00151470029856
0.00155077380366
0.00155105689219
0.0015313198494
0.00157698873965
0.00156302074372
0.00153725557316
0.001499699154
0.00159235287418
0.00161650267547
0.00154001204797
0.00154434589135
0.00148208717413
0.00147998324873
0.00150765111081
0.00148600332138
0.00145661369137
0.00139926175097
0.00142631534679
0.00141967649531
0.00151035945506
0.00136254851106
0.0013570106257
0.00139299560462
0.0013394011424
0.00145959036998
0.00138344706395
0.00134933022163
0.00131419159709
0.00140593989738
0.00136833077694
0.00145845891596
0.00135291767327
0.00129217830065
0.00135163753359
0.00125626812129
0.00135911847267
0.00131293484807
0.00141986380444
0.00135356192154
0.00126143487957
0.00127176855239
0.00125413544327
0.0013242443393
0.00130366306038
0.00130419891081
0.00128316128485
0.00124845327277
0.00124428148278
0.00126129763916
0.00125565786738
0.00124886918323
0.00117116874914
0.00133564778882
0.00126260578691
0.00118850345431
0.0012268933947
0.0012258295987
0.00115229733136
0.00121753511041
0.00122215751998
0.00123168642569
0.00122752816495
0.00126026785971
0.00124184946116
0.00119395824179
0.00113403346793
0.00122193990516
0.00117272507367
0.00118741054592
0.00110334938012
0.00118030801593
0.00127673701005
0.00108433536832
0.00103200786114
0.0010867389681
0.00109720768367
0.00110813567378
0.00114406950081
0.00118843590111
0.00123947744224
0.00121832200189
0.00122379045753
0.00113517776701
0.00115260319369
0.00111258460628
0.00117597342553
0.00114165144845
0.00109127513461
0.00121647343962
0.00111079384515
0.00107640385505
0.00114914361273
0.00113754451622
0.00116070136962
0.00122024897575
0.00109079913682
0.0010539528549
0.00109413250349
0.00109136019279
0.00110868795656
0.00110610297917
0.000956899166079
0.00110139782785
0.00111118902942
0.0011579335228
0.0011242158297
0.00118178967783
0.00110179069124
0.00104096141251
0.00109564025747
0.00109096357332
0.00106508086993
0.00115260863379
0.00104652957042
0.00111873046405
0.00106181933587
0.00103336105662
0.00108266936469
0.00110438576222
0.00107342450761
0.00108802409563
0.00108627252722
0.00105445143247
0.00102840119499
0.00105363025736
0.000992297478915
0.0010949347563
0.000988970955107
0.00117657276106
0.00113480751308
0.00109342602949
0.00108411322352
0.00111376783226
0.00111981870751
0.00101210016087
0.00109311508124
0.000999869978816
0.00103017322684
0.000972269540059
0.00108667085886
0.00100082175695
0.00092813513572
0.000985639565966
0.00110705860156
0.00109390661624
0.000989414798113
0.00110901150032
0.00114983221281
0.000970041389823
0.00109469757892
0.000989939546265
0.00115042881589
0.000912217927408
0.00108059456913
0.00103688513935
0.00090878877156
0.00108236111936
0.00100729963367
0.00103169663469
0.00105962203695
0.000977697742364
0.000989677206968
0.00100410902087
0.000997616711747
0.000958087433728
0.00100462609379
0.00106752194953
0.00102537289959
0.000994395030842
0.00108340021607
0.00103605609335
0.000936319191545
0.000987137666055
0.00100841607855
0.00106760890016
0.000939917514958
0.0010249507457
0.000995097433074
0.00100021618475
0.00102410591585
0.000961250714442
0.0010194406864
0.00105347189756
0.000988020453501
0.00102613844952
0.00100970896024
0.000933349642082
0.00103689118657
0.00103655723001
0.000916585897582
0.000983184012655
0.000943607139096
0.000906220497715
0.000994140174555
0.000893219235313
0.000961437308111
0.000880313810459
0.000920738348715
0.000915924633739
0.000901144127261
0.000948645374599
0.000878155177723
0.000923561021282
0.00086423143654
0.000927495627125
0.000900759843914
0.000809670586601
0.000926848912147
0.000829234290558
0.000894879075991
0.000924317252883
0.000834444468086
0.00087984343748
0.000864038364673
0.000805705512691
0.000899612978957
0.000807315322235
0.000847537737009
0.000797274243704
0.000825580513592
0.000705837536127
0.000744211204143
0.000731761935654
0.000816506673296
0.000768955349718
0.00076045809064
0.000776356978651
0.000806472707085
0.000751050179319
0.000651183632513
0.00072091780533
0.000701047688466
0.000757035795026
0.000736142443575
0.000651459042968
0.000691966950155
0.000675491542561
0.00066411035705
0.000663980011686
0.000644781640208
0.000656893410339
0.000631880362327
0.000628721919915
0.000613088740843
0.000651867131016
0.000582209294407
0.00060067017309
0.000575168611867
0.000679597997879
0.000627343724252
0.000609264985655
0.00052787308335
0.000534241367888
0.000564525165027
0.000569725334591
0.000565302356821
0.000609407034065
0.000619988141803
0.000599371890431
0.000586220252519
0.00063762725096
0.000539252077253
0.000475731523359
0.000494304063108
0.000548178371553
0.000491494394727
0.000478814535595
0.000539252077253
0.000569269378772
0.000528540418872
0.000568813057463
0.00044329207976
0.000483133531886
0.000516937814686
0.000452581162684
0.000523096348561
0.000517774329573
0.000536839032194
0.0005280489022
0.000412726438546
0.000535224291549
0.000641966186997
0.000403163246717
0.000464859577544
0.000554001040822
0.000505753769944
0.000523769770161
0.000506950341522
0.000525913688379
0.000496413509527
0.000452581162684
0.000516099943946
0.000464859577544
0.000475003200651
0.000531165964371
0.0005067795757
0.000475185385982
0.000427169033526
0.000464300652129
0.000564842830671
0.000437593036658
0.000461870826181
0.000511213213732
0.000533442431401
0.000413355106829
0.000460181123338
0.000511551728312
0.000516435255367
0.000544216653991
0.000396451990046
0.000492035173421
0.000485291536365
0.000438186030127
0.000433619023205
0.000426560724794
0.000521617040217
0.000456403831963
0.000544693581519
0.000482608763838
0.000533442431401
0.000518788453481
0.000447774439041
0.000500766086677
0.000436999238517
0.000439763436835
0.000423097122133
0.000490625853889
0.000426560724794
0.000507815656954
0.000418158492228
0.000405960071387
0.000531491770916
0.000501284355264
0.000540065639993
0.000420223308308
0.000443891585652
0.000412096811208
0.000468027610917
0.000446031337978
0.000523604489775
0.000407874457844
0.000523934998408
0.000425544944542
0.000415860276306
0.000433619023205
0.000366467629583
0.000433019775551
0.000388735534304
0.000453741018553
0.000417537056266
0.000349773303477
0.000454884132996
0.00042900340042
0.000454884132996
0.000468582090831
0.000430815402896
0.000429608250432
0.000379023781449
0.000441349412963
0.000431016266277
0.000439580835026
0.000431417712478
0.000485304456847
0.000454122376417
0.000417537056266
0.000461509457975
0.000414624706744
0.000377651114615
0.000443110932074
0.000392943270275
0.000391840352112
0.000427183711969
0.000360034084677
0.000363145945344
0.000390734320775
0.000441741468698
0.000320013412413
0.000440564254829
0.000414833409775
0.000461509457975
0.000472275263868
0.000419192171604
0.000426778283101
0.000330936024039
0.000394043101407
0.000452403734469
0.00045221237106
0.000506279317815
0.000402749206363
0.000418572270303
0.000439186850529
0.000428397696428
0.000373966038048
0.000360994437379
0.000373966038048
0.000376733224817
0.00038627852773
0.000313178580952
0.000385156525161
0.000400594332215
0.000372806981562
0.000400594332215
0.00032831013963
0.000472824762601
0.000372574737575
0.000427183711969
0.000424133549058
0.000386502537388
0.000334059840559
0.000425966267722
0.00040403661438
0.00041169175548
0.000425763021897
0.0004038223314
0.00039929582576
0.000342268974866
0.000297859564551
0.000313178580952
0.00042229287661
0.000427791134829
0.00029611088744
0.000471908575909
0.000387843878309
0.000389402936427
0.000359793595979
0.000533940726535
0.000342774374772
0.000438200339532
0.000413370275793
0.000415250501155
0.000329888178505
0.000373039080961
0.000437805112717
0.00038425656427
0.00039886205087
0.000312348350884
0.000412741630614
0.000273287093402
0.000330412516655
0.000345540861036
0.000400161964907
0.000373734514316
0.000399512536589
0.000424541503603
0.000357863868431
0.000294057621402
0.000390069196637
0.00031262533922
0.00038672641729
0.000311237932474
0.000373039080961
0.000373966038048
0.000387397280704
0.00037024428538
0.000338710060736
0.000430011011119
0.000426575424168
0.000328046395135
0.00025828320779
0.000383580207933
0.000329625696655
0.000329363005623
0.00029611088744
0.000414624706744
0.00034201599485
0.000471908575909
0.000341002198005
0.00037327103604
0.000345039513391
0.000412112026487
0.000295232664849
0.00029139644971
0.000426575424168
0.00042331646052
0.000446239403737
0.000398210502571
0.000343026795488
0.00034125592957
0.000402749206363
0.000399945605972
0.000411271055006
0.000368604202228
0.000423111941837
0.000309844313324
0.000383805792478
0.000397340109564
0.000423111941837
0.000343531080497
0.00036883894632
0.000438989725683
0.00042270260761
0.000447788442042
0.000413370275793
0.000326194212709
0.000375121513279
0.000410217416225
0.000401673214335
0.000271060993992
0.000276122851682
0.000469149280808
0.000292877863649
0.000367192586208
0.000327518268982
0.00042229287661
0.00029139644971
0.000386502537388
0.000325663082895
0.000329363005623
0.00035446156691
0.000347040558407
0.000395374719561
0.000381997386066
0.000256264614983
0.000458687609889
0.00029139644971
0.000224555772943
0.000325397192886
0.000384931732196
0.000367663727081
0.000413160833679
0.000343026795488
0.000394936637985
0.000319220603071
0.000411271055006
0.000339985378149
0.000339985378149
0.000338710060736
0.000289010393456
0.000287809947424
0.000470622918121
0.000355680410661
0.000400378206925
0.000352748110498
0.000408525941889
0.000387620643825
0.000352993399205
0.000356895091924
0.000369073541106
0.00041169175548
0.000425559679003
0.000338198587222
0.000329100104908
0.000341002198005
0.000396904197287
0.000225709163369
0.000292582180922
0.000326989289843
0.000338454420596
0.000352257020676
0.000339475826106
0.000309285107392
0.00038425656427
0.000380862771678
0.00038267653995
0.000292286199077
0.000309844313324
0.000309285107392
0.000325928755993
0.000386054388089
0.000370944958347
0.000309285107392
0.000309564836628
0.000410217416225
0.000344788566195
0.000306473772828
0.000375121513279
0.000339220763056
0.000354217294883
0.000342774374772
0.000369542283899
0.000411271055006
0.000357621920338
0.000382902656887
0.000367192586208
0.00034150947262
0.000270101335052
0.000293173248162
0.000343279030593
0.000339475826106
0.000277061654669
0.000308163651272
0.000357621920338
0.000253889306463
0.00037024428538
0.000340494167644
0.000355193375056
0.000358588733225
0.000271380126181
0.000397775544136
0.000305625329717
0.000308444397562
0.000307601389985
0.000342268974866
0.000341002198005
0.000352748110498
0.000370711547839
0.000311793636008
0.000339475826106
0.000324331453068
0.000308444397562
0.000325928755993
0.00038425656427
0.000326194212709
0.000209367042647
0.000361234126629
0.000306473772828
0.000252178959917
0.000355680410661
0.00034125592957
0.000400810340966
0.00038470680788
0.000339220763056
0.000356652486627
0.000292582180922
0.000385381187003
0.000313730847083
0.000357137532418
0.000423520880441
0.00032831013963
0.000359071163476
0.000430212250065
0.000276436140262
0.000361473656942
0.000342774374772
0.000369542283899
0.000469702436601
0.000269780690144
0.00039929582576
0.000253548160147
0.000370944958347
0.000411481459009
0.000387620643825
0.000186601918584
0.000410217416225
0.000340748277504
0.00033717331257
0.000420238229357
0.000356652486627
0.00042637246872
0.000338454420596
0.000368134264984
0.000436220624619
0.000307601389985
0.000381770732953
0.000382450289327
0.000305341991449
0.000309564836628
0.000352502651108
0.000325397192886
0.000305341991449
0.000381997386066
0.00038267653995
0.000368134264984
0.000271380126181
0.000289608750507
0.000270421599765
0.000290205873846
0.000355193375056
0.000339985378149
0.000291099262248
0.000325928755993
0.000302494012369
0.000271698883525
0.000206871689733
0.00041169175548
0.000271698883525
0.000287809947424
0.000273287093402
0.000308724888549
0.000250802284949
0.000337942560173
0.000324064470479
0.000289309726673
0.000307038099063
0.000248722985672
0.000267525415276
0.000321113011853
0.00022416999072
0.000265577079743
0.000320303348584
0.000318949342377
0.000267525415276
0.000297880614949
0.000223783543446
0.000263614344736
0.000352257020676
0.00035151909955
0.000364590428729
0.000260642530969
0.000349295982725
0.000194804528151
0.000171621248473
0.000317589563574
0.000161755231457
0.000301634375117
0.000261636886193
0.000224555772943
0.000315950104221
0.000220275011103
0.000376060011144
0.000259644367709
0.000161755231457
0.000217507028761
0.00018985412701
0.000280190658799
0.000122772746603
0.00021790460753
0.000347557060915
0.00026130585488
0.000344555634875
0.000278019841598
0.000240585917893
0.000193019072889
0.000193466981475
0.000215106125032
0.000188940119345
0.000163352643598
0.000216709683022
0.000159057231185
0.000238054218472
0.00016068146769
0.000214299846434
0.000157416236536
0.000215106125032
0.000209809936696
0.000153519049531
0.000119195617356
0.000117734338034
0.000258307483426
0.000258976788223
0.000258307483426
0.000156865423542
0.000187098709266
0.000184302101114
0.000118467230805
0.000159600479994
0.000118467230805
0.00015631266961
0.000211862600871
0.00018383186354
0.000211453662124
0.000234390073829
0.000236229250562
0.000152954202776
0.000152387262343
0.00015520125591
0.00021267811945
0.000186171174365
0.000211862600871
0.00011323741351
0.000117734338034
0.000235127470862
0.00018383186354
0.000234759061873
0.000231416990152
0.000117734338034
0.000235495303512
0.000252889282566
0.000185705669655
0.000216309907987
0.000212270751801
0.000113999220351
0.000152387262343
0.000185238995138
0.000153519049531
0.000157965128897
0.000112470446767
0.000182413877723
0.000254254657629
0.000182413877723
5.42482919478e-05
0.000184302101114
0.00018477114195
0.000231416990152
0.000253914002182
0.000181938759926
0.000182887761231
0.00018383186354
0.000187098709266
0.000210222072958
0.0001884814534
0.00011323741351
0.000184302101114
0.000184302101114
5.26285735788e-05
0.000150098088046
0.000154081825636
0.00023290827598
0.000118467230805
2.63142867894e-05
0.000274573883822
0.000154642553696
0.000116996854359
0.000213490522828
0.000118467230805
0.000152954202776
0.000151247006184
0.000150098088046
0.000152954202776
0.000183360420021
0.000209396989267
0.000233650349593
0.000110137505552
0.000211453662124
0.000154081825636
0.000115507762013
0.000185705669655
0.00018383186354
0.00018663551802
0.000312091208535
0.000211453662124
0.000152387262343
0.000118467230805
0.000112470446767
0.000149520318395
0.000209396989267
0.000292603610983
0.000154642553696
0.000234020503989
0.000151818204778
0.000150673642212
0.000151818204778
0.000183360420021
0.00027299316029
0.000152954202776
0.000119195617356
0.000153519049531
0.000231416990152
0.000154642553696
0.000152954202776
0.000209396989267
0.000291120801471
0.000211862600871
0.000182413877723
0.000208983225862
0.000182413877723
0.00018756075664
0.000273942688956
4.74387551482e-05
0.000214703364212
0.000235127470862
0.000184302101114
0.000252889282566
0.000233279607858
4.36373079531e-05
0.000182887761231
0.000151818204778
0.000233279607858
0.000116996854359
3.94714301841e-05
4.36373079531e-05
0.00021104393098
5.26285735788e-05
0.000274258467972
0.000151818204778
0.000210222072958
0.000210222072958
0.000183360420021
6.17124727328e-05
0.000151247006184
0.000155757954077
0.000152954202776
0.000182887761231
5.42482919478e-05
0.000187098709266
0.000152387262343
0.000153519049531
0.00018477114195
0.00018477114195
0.00018383186354
0.000151818204778
0.000182887761231
0.000153519049531
0.000150673642212
0.000157416236536
0.000111698213834
0.00018663551802
0.00018383186354
0.000210222072958
0.000188021668574
0.000232163830464
0.000115507762013
0.000153519049531
5.73506584432e-05
0.000152387262343
0.000152954202776
0.000151818204778
0.000207736990988
0.00018383186354
0.00015520125591
0.000154642553696
0.000116254692411
0.000150098088046
0.000113999220351
0.000116996854359
0.000255612739541
0.000151247006184
0.000115507762013
0.000254934602929
0.000110137505552
0.000151818204778
0.000113999220351
0.00015520125591
0.000182413877723
0.000181938759926
0.000125561096673
0.000154642553696
0.00018383186354
0.000183360420021
0.000182413877723
0.000207736990988
0.00011323741351
0.000182887761231
0.000116254692411
4.74387551482e-05
0.000180505903218
0.000273942688956
0.000182413877723
4.55776816842e-05
0.00023290827598
0.000183360420021
0.000115507762013
0.000154081825636
4.92295227716e-05
0.000233650349593
0.000233279607858
0.000274258467972
0.000153519049531
0.000209809936696
4.55776816842e-05
0.000109348798378
0.000185238995138
0.000150098088046
0.000158512120577
0.00018383186354
0.000182887761231
0.00011092060472
0.000181462398147
0.000115507762013
0.000182413877723
0.000182887761231
0.000111698213834
0.000152954202776
0.00011323741351
0.000185238995138
0.000183360420021
0.000150673642212
0.000152387262343
0.000252546785398
0.000151818204778
0.000147773456161
0.000113999220351
0.000110137505552
0.000232536351132
0.000111698213834
0.00018477114195
0.000113999220351
3.22282877897e-05
0.00011092060472
4.36373079531e-05
0.000151247006184
0.000116254692411
0.000208153231652
0.00025459485727
0.000183360420021
0.000151247006184
0.000111698213834
0.000209809936696
0.00021104393098
0.000110137505552
0.000208568641626
0.000152954202776
0.000209809936696
0.000231042664693
0.000110137505552
5.58210318926e-05
0.000150673642212
0.00018383186354
3.94714301841e-05
0.000114755970054
4.16065406287e-05
0.000208153231652
0.000117734338034
0.000151818204778
5.26285735788e-05
4.74387551482e-05
0.000150098088046
0.000111698213834
3.72140212618e-05
0.000110137505552
3.72140212618e-05
0.000115507762013
0.000209809936696
4.55776816842e-05
3.94714301841e-05
0.00011092060472
0.000181938759926
0.000208153231652
0.000113999220351
0.000110137505552
0.000209396989267
4.36373079531e-05
4.74387551482e-05
0.000149520318395
0.000148940307474
0.000149520318395
0.000150098088046
5.73506584432e-05
0.000108554360965
0.000113999220351
0.000111698213834
3.94714301841e-05
0.00011323741351
0.000115507762013
0.000151818204778
3.72140212618e-05
0.000150673642212
4.55776816842e-05
0.000114755970054
0.000106135375901
4.36373079531e-05
0.00015631266961
0.00011323741351
0.000231042664693
0.000147773456161
0.000231790711102
0.000208983225862
0.00011092060472
0.000180505903218
0.000148358028998
0.000253231316506
0.000148358028998
0.000151818204778
0.000150673642212
4.16065406287e-05
0.000181462398147
4.92295227716e-05
0.00018383186354
0.000182887761231
0.00011092060472
0.00011323741351
0.000181462398147
0.000109348798378
0.000107754066569
0.000180505903218
0.000180984782562
0.000152954202776
0.000182887761231
0.000180505903218
0.000152954202776
0.000147773456161
0.000152387262343
0.00011092060472
0.000182887761231
0.000180505903218
0.000148358028998
0.000111698213834
0.00011323741351
0.000185238995138
0.000148940307474
0.000112470446767
0.000152387262343
0.000206063620602
0.000210633402814
0.00015631266961
5.26285735788e-05
0.000155757954077
0.00011092060472
0.00015520125591
0.000109348798378
0.000154081825636
0.000112470446767
0.000111698213834
0.000111698213834
0.000150098088046
0.000150673642212
0.000209396989267
0.000181938759926
0.000180505903218
0.00018383186354
4.74387551482e-05
0.000111698213834
4.16065406287e-05
0.000178577544521
0.000112470446767
0.000112470446767
0.000149520318395
3.48105293864e-05
0.000113999220351
0.000181938759926
0.000113999220351
4.36373079531e-05
0.000150098088046
0.000148940307474
0.000185238995138
0.000150098088046
0.000110137505552
0.000151818204778
4.16065406287e-05
0.000107754066569
0.000180025750031
0.000151247006184
4.74387551482e-05
4.16065406287e-05
0.000108554360965
0.000182413877723
4.92295227716e-05
0.000148358028998
5.26285735788e-05
5.58210318926e-05
0.000233279607858
0.000182887761231
0.000113999220351
0.000255273896419
0.000148940307474
0.000149520318395
0.000110137505552
0.000152387262343
3.48105293864e-05
0.00011092060472
3.48105293864e-05
0.000206483234569
0.000110137505552
0.000111698213834
0.000110137505552
0.000112470446767
0.000152387262343
0.000210222072958
0.000181462398147
0.00011323741351
4.74387551482e-05
0.000106947783707
0.000186171174365
0.000154081825636
0.00021267811945
6.17124727328e-05
4.74387551482e-05
5.42482919478e-05
0.000151247006184
0.000148940307474
0.000110137505552
0.00011323741351
0.000107754066569
0.000106947783707
0.000115507762013
2.63142867894e-05
0.000112470446767
0.000150673642212
0.000114755970054
0.000110137505552
0.000182413877723
0.000182413877723
4.16065406287e-05
0.000151818204778
0.000180984782562
5.09573972514e-05
0.000109348798378
0.000149520318395
0.000207319914631
0.000152954202776
0.000185238995138
0.000108554360965
0.000111698213834
0.00011323741351
0.000184302101114
0.000181938759926
0.000116254692411
0.000109348798378
3.72140212618e-05
0.000152954202776
0.000180984782562
0.000182887761231
0.000208983225862
0.000181938759926
0.000155757954077
5.42482919478e-05
0.000153519049531
0.000149520318395
0.00011092060472
0.000150098088046
0.000149520318395
0.000181938759926
0.000180505903218
4.92295227716e-05
0.000179544312781
0.000150673642212
0.000109348798378
0.000112470446767
0.000180505903218
0.000234020503989
0.000208983225862
0.000152954202776
0.000106947783707
3.72140212618e-05
0.000147773456161
0.000151818204778
5.09573972514e-05
0.000147773456161
0.000208568641626
5.42482919478e-05
0.00011092060472
0.000182413877723
0.000112470446767
0.000233279607858
0.000150098088046
0.000148358028998
0.000208153231652
0.000148358028998
0.000230292188456
0.000180984782562
0.000107754066569
0.000152387262343
0.000182413877723
0.000108554360965
0.000151818204778
0.000115507762013
0.000115507762013
0.000180984782562
0.000208153231652
0.000152954202776
0.000209809936696
0.000210633402814
0.00011323741351
0.000150098088046
0.000105316701407
0.000180025750031
4.55776816842e-05
0.00018383186354
0.000109348798378
0.000150098088046
0.000150673642212
0.000179544312781
4.16065406287e-05
4.74387551482e-05
0.000113999220351
0.000113999220351
0.000180505903218
0.000153519049531
0.000150098088046
5.26285735788e-05
0.00011323741351
4.36373079531e-05
3.94714301841e-05
0.000108554360965
0.000111698213834
5.09573972514e-05
0.000148940307474
0.000113999220351
0.00015631266961
0.000182887761231
0.000209396989267
0.000208983225862
0.000182887761231
0.000108554360965
0.000152387262343
0.000151818204778
0.00021104393098
0.000181462398147
0.000107754066569
0.000148940307474
0.000209809936696
0.000149520318395
4.92295227716e-05
0.000112470446767
0.000184302101114
0.000107754066569
0.000151247006184
0.000182413877723
0.000150098088046
0.000209809936696
0.000182413877723
0.000106947783707
5.26285735788e-05
0.000147186561627
4.74387551482e-05
0.00011323741351
0.000149520318395
0.000110137505552
0.000110137505552
0.000150673642212
0.000108554360965
0.000151247006184
0.000110137505552
0.000116996854359
5.26285735788e-05
2.94202670203e-05
3.94714301841e-05
0.000151247006184
3.48105293864e-05
0.000181938759926
0.00011092060472
0.000207736990988
0.000184302101114
0.000181938759926
0.000148940307474
0.000206483234569
0.000149520318395
0.000151818204778
5.88405340406e-05
0.000159057231185
0.000112470446767
0.000152954202776
0.00018477114195
0.000147186561627
0.000151818204778
0.00015631266961
4.16065406287e-05
0.000208568641626
0.000146597317511
0.000153519049531
0.000207319914631
0.000151818204778
0.000111698213834
0.000181462398147
3.94714301841e-05
0.000152387262343
0.000207319914631
0.000182887761231
0.000151818204778
5.09573972514e-05
0.000108554360965
0.000183360420021
4.16065406287e-05
4.74387551482e-05
0.000150098088046
0.000181938759926
0.000148940307474
0.000151247006184
4.16065406287e-05
0.000113999220351
0.000181462398147
0.000151818204778
0.00011092060472
0.000182413877723
3.94714301841e-05
0.000234390073829
0.000148940307474
0.000112470446767
0.000252889282566
0.000181938759926
0.000155757954077
5.58210318926e-05
4.55776816842e-05
0.00025186039381
0.000149520318395
0.000106135375901
3.72140212618e-05
0.000183360420021
0.000110137505552
4.55776816842e-05
0.000147773456161
0.000209809936696
0.000113999220351
0.000181462398147
0.000148358028998
0.000182887761231
0.000147773456161
0.000150098088046
0.000154642553696
0.000110137505552
0.000179544312781
0.000106947783707
3.94714301841e-05
4.55776816842e-05
3.94714301841e-05
0.000152954202776
0.000109348798378
0.000207736990988
4.74387551482e-05
0.000153519049531
0.000107754066569
0.000110137505552
4.36373079531e-05
0.000115507762013
0.000150098088046
0.000182413877723
3.48105293864e-05
0.000181462398147
0.000182887761231
0.000211862600871
0.000116254692411
0.000180025750031
0.000150098088046
3.94714301841e-05
4.36373079531e-05
0.000151818204778
0.00011092060472
4.16065406287e-05
0.000115507762013
0.000209396989267
0.000148358028998
0.000152387262343
0.000114755970054
0.000150673642212
5.26285735788e-05
0.000114755970054
0.000115507762013
0.00011323741351
0.000150673642212
4.16065406287e-05
0.000106947783707
0.000108554360965
0.000112470446767
0.000152954202776
0.000181462398147
0.000153519049531
0.000182887761231
0.000154081825636
0.000150098088046
4.92295227716e-05
0.000114755970054
0.00011092060472
0.000114755970054
0.000148940307474
4.74387551482e-05
4.92295227716e-05
0.000232536351132
0.000106135375901
0.000150673642212
0.000148358028998
0.000154081825636
0.000151247006184
0.000110137505552
4.36373079531e-05
0.000152387262343
0.000181938759926
0.000147186561627
0.000150098088046
4.74387551482e-05
2.94202670203e-05
0.000114755970054
0.000110137505552
0.000150098088046
0.000113999220351
0.000114755970054
0.000110137505552
0.000207736990988
0.000183360420021
0.000150673642212
0.000151818204778
0.00025357288909
0.000183360420021
0.000116254692411
0.000150098088046
0.000182413877723
0.000206901997526
0.000111698213834
0.000231790711102
0.000114755970054
3.72140212618e-05
0.000148358028998
0.000109348798378
0.000109348798378
4.36373079531e-05
4.16065406287e-05
3.22282877897e-05
0.00011092060472
0.000150673642212
0.000180984782562
0.000181938759926
0.000152954202776
4.74387551482e-05
0.000150673642212
0.000151247006184
0.000182413877723
0.000106947783707
0.000210633402814
3.72140212618e-05
0.000106135375901
0.000149520318395
0.000150673642212
0.000110137505552
0.000111698213834
2.94202670203e-05
0.000148940307474
0.000182413877723
0.000207319914631
0.000114755970054
0.000151247006184
0.00011323741351
0.000147773456161
0.000110137505552
0.00015520125591
0.000234020503989
5.42482919478e-05
0.000152954202776
0.000180984782562
4.36373079531e-05
4.16065406287e-05
0.000112470446767
0.000154642553696
0.00018383186354
0.000108554360965
0.000112470446767
3.94714301841e-05
0.000151247006184
0.000182413877723
0.000254254657629
0.000107754066569
5.58210318926e-05
0.000182413877723
0.000206901997526
0.000149520318395
0.000231790711102
0.000150098088046
0.000151247006184
2.94202670203e-05
5.09573972514e-05
0.000108554360965
0.000179544312781
0.000207736990988
5.09573972514e-05
0.000148940307474
0.000150673642212
4.74387551482e-05
0.000150098088046
4.55776816842e-05
0.000182887761231
0.000231790711102
3.72140212618e-05
0.000150673642212
3.22282877897e-05
0.000111698213834
0.000110137505552
0.000114755970054
0.000110137505552
5.73506584432e-05
0.000112470446767
0.000180505903218
0.000152387262343
0.000180025750031
0.000147773456161
0.000181938759926
0.000116254692411
4.55776816842e-05
5.09573972514e-05
5.42482919478e-05
2.94202670203e-05
0.000152387262343
0.000184302101114
0.00011092060472
0.000112470446767
0.000112470446767
0.000148358028998
0.000109348798378
0.000112470446767
0.00011323741351
0.000147773456161
0.000181938759926
0.000180505903218
5.88405340406e-05
0.000116996854359
0.000151247006184
0.00011323741351
0.000151247006184
0.000180984782562
0.000184302101114
2.94202670203e-05
0.000113999220351
0.000152387262343
0.000111698213834
0.000181462398147
0.000109348798378
3.72140212618e-05
0.000208153231652
4.36373079531e-05
0.000116254692411
4.55776816842e-05
0.000111698213834
0.000208153231652
0.000115507762013
0.000206901997526
0.000149520318395
0.00018383186354
0.000231416990152
4.74387551482e-05
0.000148940307474
0.000211453662124
0.000148940307474
3.72140212618e-05
0.000116254692411
0.000180984782562
0.000112470446767
0.000150098088046
0.000182887761231
0.00011323741351
0.000152954202776
0.000113999220351
0.000182413877723
5.58210318926e-05
0.000181462398147
0.000109348798378
0.000110137505552
0.000205643150417
0.000153519049531
0.000208568641626
4.74387551482e-05
0.000109348798378
0.000148940307474
0.000151818204778
0.000182413877723
0.000108554360965
4.92295227716e-05
4.16065406287e-05
0.000154081825636
4.92295227716e-05
0.00011323741351
0.000109348798378
0.000151818204778
0.000113999220351
0.000150673642212
0.000210633402814
0.000113999220351
0.000107754066569
0.000151818204778
0.000208153231652
0.000209396989267
0.000183360420021
0.000113999220351
0.000181938759926
4.36373079531e-05
0.000148940307474
0.000180505903218
0.00011092060472
0.00018663551802
0.000181938759926
0.000155757954077
0.000152387262343
3.72140212618e-05
0.000110137505552
0.000183360420021
0.000111698213834
0.000148358028998
0.000147773456161
0.000151247006184
4.74387551482e-05
0.000112470446767
0.000209809936696
0.000108554360965
0.000183360420021
4.36373079531e-05
0.000112470446767
0.000151247006184
0.000184302101114
0.000152954202776
0.000231790711102
0.000152387262343
0.000111698213834
5.42482919478e-05
0.000113999220351
0.000113999220351
0.000111698213834
0.000206901997526
5.26285735788e-05
0.000112470446767
0.000152387262343
0.000152954202776
0.000234390073829
0.000151247006184
0.000153519049531
0.000112470446767
0.00018383186354
0.000154642553696
0.000111698213834
0.000150098088046
0.00018383186354
0.000151818204778
0.000112470446767
3.48105293864e-05
0.000209396989267
4.55776816842e-05
0.000111698213834
0.00011092060472
0.000152387262343
0.000112470446767
0.00011092060472
0.000110137505552
0.000231416990152
0.000180505903218
0.000109348798378
0.000184302101114
0.000147773456161
0.000154642553696
0.000151818204778
3.48105293864e-05
0.000182413877723
0.000182887761231
0.000183360420021
0.00023290827598
0.000210222072958
0.000151818204778
0.000150673642212
0.000151247006184
0.000183360420021
0.000107754066569
0.000148940307474
0.000183360420021
0.000184302101114
0.000152387262343
3.94714301841e-05
0.000114755970054
0.000158512120577
0.000210222072958
0.000111698213834
0.000111698213834
0.000112470446767
0.000152387262343
0.000207319914631
0.000150673642212
0.000208568641626
4.55776816842e-05
0.000151247006184
0.000151247006184
2.94202670203e-05
0.000183360420021
0.00011092060472
0.000153519049531
4.55776816842e-05
5.09573972514e-05
0.000110137505552
0.000113999220351
0.000107754066569
0.000148358028998
0.000182413877723
0.000108554360965
0.000210222072958
5.42482919478e-05
0.000180984782562
0.000210222072958
0.000151247006184
0.000152387262343
0.000183360420021
0.00011323741351
0.000182887761231
0.000148940307474
5.73506584432e-05
0.00017906158111
0.000183360420021
0.000150098088046
0.000116254692411
0.000184302101114
0.000112470446767
0.000113999220351
0.000109348798378
0.000115507762013
0.000111698213834
0.000115507762013
0.000147773456161
0.000150098088046
0.00018383186354
0.000151818204778
0.000148940307474
0.000110137505552
0.000115507762013
0.000253231316506
0.000110137505552
0.000148358028998
4.16065406287e-05
0.000206483234569
4.74387551482e-05
0.000182887761231
0.00015520125591
0.000109348798378
0.000153519049531
4.55776816842e-05
0.000150098088046
0.000108554360965
0.000181462398147
0.000109348798378
0.000151247006184
4.74387551482e-05
4.16065406287e-05
0.000152387262343
0.000152387262343
0.000182887761231
0.000152387262343
0.000208983225862
0.000112470446767
0.000108554360965
0.000147773456161
0.000151247006184
0.000113999220351
0.000149520318395
0.000149520318395
4.36373079531e-05
3.48105293864e-05
0.000183360420021
0.000151247006184
4.36373079531e-05
0.000149520318395
3.72140212618e-05
0.000179544312781
4.36373079531e-05
0.000147186561627
0.000183360420021
4.74387551482e-05
0.000207736990988
0.000152387262343
0.000114755970054
0.000153519049531
0.000152954202776
0.000207319914631
3.22282877897e-05
4.16065406287e-05
0.000181462398147
4.16065406287e-05
4.74387551482e-05
0.00011092060472
0.000110137505552
0.00011092060472
0.000211862600871
3.72140212618e-05
0.000112470446767
0.000184302101114
0.000116254692411
4.55776816842e-05
0.000112470446767
0.000151818204778
0.000109348798378
4.74387551482e-05
4.16065406287e-05
0.000114755970054
0.000150673642212
2.27888408421e-05
3.22282877897e-05
0.000180984782562
0.00018383186354
0.000231790711102
6.02936055356e-05
0.000106947783707
0.000150673642212
0.000111698213834
0.00018477114195
0.000148940307474
0.000119195617356
0.000151818204778
0.000208153231652
4.36373079531e-05
0.000148940307474
0.000114755970054
5.26285735788e-05
0.000112470446767
0.000110137505552
0.00011092060472
0.000180984782562
0.000209396989267
0.000185705669655
0.000147186561627
0.000179544312781
0.000182413877723
0.000111698213834
0.000183360420021
0.000207736990988
0.000116996854359
4.36373079531e-05
0.000109348798378
0.000182413877723
0.000108554360965
0.000181938759926
0.00011323741351
0.000149520318395
0.000112470446767
0.000181462398147
0.000206483234569
3.94714301841e-05
3.72140212618e-05
0.000149520318395
0.000114755970054
0.00015631266961
4.55776816842e-05
0.000181938759926
0.000113999220351
0.000183360420021
0.000149520318395
5.58210318926e-05
0.00015520125591
0.000151247006184
0.000107754066569
5.09573972514e-05
3.94714301841e-05
0.000115507762013
0.000106947783707
0.000150673642212
0.000153519049531
0.00018663551802
0.000182887761231
0.000152954202776
0.000183360420021
0.000231042664693
0.000152387262343
0.00011323741351
0.000185238995138
0.000111698213834
0.000147773456161
0.000110137505552
0.000106947783707
0.000178577544521
0.000112470446767
0.000151818204778
0.000152387262343
0.000150098088046
0.000107754066569
0.000185238995138
3.94714301841e-05
0.000148940307474
0.00015520125591
0.000152387262343
3.72140212618e-05
0.000233650349593
0.000154642553696
0.000113999220351
0.000108554360965
0.000110137505552
0.000209809936696
4.74387551482e-05
0.000179544312781
0.00011323741351
0.000182413877723
0.00018477114195
5.58210318926e-05
0.000210222072958
4.74387551482e-05
0.000109348798378
0.000252889282566
0.000150673642212
0.00011092060472
0.00011323741351
0.000112470446767
0.000184302101114
0.000181938759926
0.000152387262343
0.00011323741351
6.30994430491e-05
0.000153519049531
0.000154081825636
0.000113999220351
0.000152954202776
0.00018383186354
0.000111698213834
0.00011092060472
0.000116254692411
0.000113999220351
0.000178577544521
0.00021104393098
5.09573972514e-05
0.000110137505552
0.000148940307474
0.000184302101114
0.000151818204778
0.000253231316506
0.000231416990152
0.000113999220351
0.000182413877723
0.000150673642212
4.74387551482e-05
0.000115507762013
0.000206901997526
0.000151818204778
0.000213490522828
0.000154081825636
0.000152954202776
0.000234759061873
0.000181938759926
4.36373079531e-05
0.000208983225862
4.55776816842e-05
0.000150673642212
0.000113999220351
3.72140212618e-05
0.000183360420021
0.000207736990988
0.000148940307474
0.000112470446767
0.000148940307474
0.000211453662124
0.00017906158111
0.000149520318395
0.00011092060472
0.000180505903218
0.000208983225862
0.000107754066569
0.000182887761231
0.000149520318395
0.000181462398147
0.00011092060472
4.92295227716e-05
0.000116996854359
0.000182413877723
0.000181462398147
0.000111698213834
0.000152954202776
4.36373079531e-05
0.000152387262343
0.00011323741351
0.000112470446767
0.000151247006184
0.000209396989267
0.000148940307474
4.92295227716e-05
0.000153519049531
0.000117734338034
0.000111698213834
0.000148358028998
0.000183360420021
0.000113999220351
0.000181462398147
0.000149520318395
0.000148940307474
0.000152954202776
0.000148358028998
0.000183360420021
4.36373079531e-05
4.92295227716e-05
0.000111698213834
0.000152954202776
0.000208983225862
0.000147186561627
0.000152954202776
0.000154081825636
6.02936055356e-05
0.000116254692411
0.00011323741351
5.88405340406e-05
0.000110137505552
0.000234020503989
0.000110137505552
0.000113999220351
0.000206901997526
5.58210318926e-05
0.000112470446767
0.000146597317511
0.00011092060472
0.00018477114195
3.72140212618e-05
3.94714301841e-05
0.000154081825636
0.000180984782562
0.000210633402814
0.000153519049531
0.000234390073829
0.000150098088046
0.000148940307474
0.000114755970054
0.00021104393098
0.000184302101114
4.74387551482e-05
0.000233279607858
0.000152387262343
5.42482919478e-05
0.000232163830464
0.000182887761231
0.000181462398147
0.000117734338034
0.000184302101114
4.74387551482e-05
0.000210222072958
0.000150673642212
0.000112470446767
0.000208153231652
5.88405340406e-05
0.000149520318395
0.00018383186354
0.000115507762013
5.42482919478e-05
0.000182887761231
0.000107754066569
0.000112470446767
0.000152954202776
0.000110137505552
0.000181938759926
0.000180505903218
0.000148358028998
5.58210318926e-05
0.000117734338034
0.000180984782562
0.000152387262343
0.00011323741351
0.000180984782562
0.000116996854359
0.000209396989267
0.000111698213834
0.000152387262343
0.000115507762013
0.000208153231652
0.000183360420021
0.000150673642212
0.000181462398147
0.000151247006184
0.000109348798378
0.000231042664693
0.00011323741351
0.000182887761231
0.00011323741351
0.000147773456161
0.000117734338034
0.00015520125591
0.000150098088046
0.000231416990152
0.000148358028998
0.000158512120577
0.000151818204778
0.000115507762013
4.36373079531e-05
5.09573972514e-05
4.55776816842e-05
0.000209396989267
0.000117734338034
0.000113999220351
0.000184302101114
0.00011323741351
0.00011092060472
0.000181462398147
0.000150673642212
0.00011323741351
0.000115507762013
0.000148358028998
0.000236229250562
0.000151818204778
0.000292899272076
0.000209809936696
0.000110137505552
3.94714301841e-05
0.00018663551802
0.000113999220351
0.000149520318395
0.000150673642212
0.000186171174365
0.000208568641626
0.000111698213834
4.92295227716e-05
0.000183360420021
0.000119919579799
0.000153519049531
0.00018383186354
0.000114755970054
0.000152387262343
0.00023290827598
0.000150673642212
0.000150098088046
4.55776816842e-05
0.000151818204778
0.000149520318395
0.000151247006184
5.26285735788e-05
0.000182413877723
5.42482919478e-05
0.000153519049531
0.000208568641626
0.00011323741351
0.000153519049531
0.000115507762013
0.000255951134082
4.92295227716e-05
0.000182413877723
0.000112470446767
0.00015520125591
5.09573972514e-05
0.000150673642212
0.000111698213834
0.000182413877723
0.000149520318395
0.000234390073829
0.00011323741351
0.000182887761231
0.000111698213834
0.000208568641626
6.02936055356e-05
0.00011092060472
0.000151818204778
0.000155757954077
4.92295227716e-05
4.92295227716e-05
0.000117734338034
0.000112470446767
0.000115507762013
0.000233650349593
0.000112470446767
0.000152954202776
0.000234759061873
0.00015631266961
0.000210222072958
0.00015520125591
0.000181462398147
0.000181462398147
0.000182887761231
0.000116996854359
0.00011323741351
0.000183360420021
0.000182413877723
5.26285735788e-05
4.92295227716e-05
4.92295227716e-05
0.000118467230805
0.000183360420021
0.000209809936696
2.94202670203e-05
0.000150098088046
0.000184302101114
0.000186171174365
0.000113999220351
0.00015520125591
0.000184302101114
0.000152387262343
0.000183360420021
0.00011092060472
5.26285735788e-05
0.000232536351132
0.000109348798378
0.000112470446767
0.000151247006184
0.000153519049531
0.000233650349593
0.000180505903218
0.000116254692411
0.000152954202776
0.000208983225862
0.000182413877723
0.00018663551802
0.000209396989267
0.000150098088046
0.000255612739541
0.000209809936696
0.000235495303512
0.000114755970054
0.000212270751801
0.000154642553696
0.000151818204778
0.000210633402814
0.000183360420021
0.000230667731784
0.000152954202776
0.00015520125591
0.000183360420021
0.000154642553696
0.000113999220351
0.00018477114195
0.000152387262343
0.000183360420021
0.000154642553696
0.00011323741351
0.00011323741351
0.000181938759926
0.000150098088046
0.000211453662124
0.000108554360965
5.26285735788e-05
0.00018985412701
0.00011323741351
0.000153519049531
0.000154642553696
0.000156865423542
0.000151247006184
0.000151247006184
0.000210633402814
0.000153519049531
0.00018477114195
0.000151818204778
0.000232536351132
0.000151818204778
0.000153519049531
0.000115507762013
0.00018663551802
0.000231042664693
0.000154642553696
0.000111698213834
0.00025459485727
0.000208568641626
4.92295227716e-05
0.000208983225862
4.74387551482e-05
0.000111698213834
0.000112470446767
0.000116996854359
0.00018756075664
0.000153519049531
0.000182887761231
0.000113999220351
0.000186171174365
0.000154642553696
0.000185705669655
0.000236229250562
6.30994430491e-05
0.000209809936696
4.92295227716e-05
0.000114755970054
0.000152387262343
0.000210222072958
0.000152387262343
0.000181938759926
0.000113999220351
0.00011323741351
0.000115507762013
0.000152954202776
0.000154081825636
6.17124727328e-05
0.000209809936696
0.000232163830464
0.000181938759926
0.000113999220351
0.000151818204778
0.000112470446767
0.000211453662124
0.000182413877723
4.55776816842e-05
0.00015520125591
0.000154081825636
0.000155757954077
0.00021267811945
0.000112470446767
0.00021104393098
0.000182413877723
0.00015520125591
0.00011323741351
0.000182887761231
0.000152954202776
0.000181462398147
0.000209396989267
0.000112470446767
5.09573972514e-05
0.000211862600871
0.00021267811945
0.000113999220351
5.09573972514e-05
0.00015631266961
0.000153519049531
0.000118467230805
5.09573972514e-05
0.000182887761231
0.000152387262343
0.000112470446767
0.000186171174365
0.000187098709266
0.000184302101114
0.000115507762013
0.000149520318395
0.000155757954077
0.000120639197782
0.000153519049531
0.000159600479994
0.000152954202776
0.000209809936696
5.26285735788e-05
0.00018756075664
0.00011323741351
0.000183360420021
0.000254934602929
0.000183360420021
0.000152954202776
0.000152387262343
0.00015631266961
5.88405340406e-05
0.000120639197782
0.000186171174365
0.000234020503989
0.000209809936696
0.000150098088046
0.00018756075664
0.000154081825636
0.000151247006184
0.000181938759926
0.000151247006184
0.000151818204778
0.000154642553696
0.000113999220351
0.000117734338034
0.000182413877723
6.02936055356e-05
0.000151818204778
0.000112470446767
0.000119919579799
0.000234759061873
0.000118467230805
0.000113999220351
0.000152387262343
0.00018663551802
4.74387551482e-05
0.000115507762013
0.000156865423542
5.26285735788e-05
0.000209809936696
0.000234020503989
0.000211453662124
0.000208568641626
0.000115507762013
0.000111698213834
0.000210222072958
0.000115507762013
0.000152387262343
0.000114755970054
0.000151818204778
0.000154642553696
0.00011323741351
0.000183360420021
6.02936055356e-05
0.000116254692411
0.00018477114195
0.00018663551802
0.00025662658452
0.000274888937753
0.00021267811945
0.000208568641626
0.000185238995138
0.000182887761231
0.000113999220351
0.00018663551802
0.000233279607858
0.000150673642212
0.000148940307474
0.000185238995138
0.000113999220351
0.00021104393098
0.000116996854359
0.000181938759926
0.00011323741351
0.000153519049531
0.000118467230805
0.000157965128897
0.000152387262343
5.42482919478e-05
0.000211453662124
0.000150098088046
0.000182413877723
0.00018477114195
0.000114755970054
5.09573972514e-05
0.000117734338034
4.36373079531e-05
5.73506584432e-05
5.58210318926e-05
0.000215508133138
0.000180984782562
0.000147186561627
0.00011323741351
0.000157416236536
0.000186171174365
0.00018477114195
0.000185238995138
0.00018663551802
0.000208983225862
0.00018477114195
0.000155757954077
0.000153519049531
0.000235495303512
0.000183360420021
5.88405340406e-05
0.000151247006184
0.000153519049531
0.000233650349593
0.000211862600871
0.000185705669655
0.000310422711655
0.000209809936696
0.000185705669655
0.000153519049531
0.000189397674538
6.02936055356e-05
0.000117734338034
0.00025357288909
0.000114755970054
0.00011323741351
0.000156865423542
0.000115507762013
6.02936055356e-05
0.0001884814534
0.000210633402814
0.00021104393098
0.000154642553696
0.000152954202776
0.00025357288909
0.00021267811945
0.000112470446767
0.000158512120577
0.000153519049531
0.000152954202776
0.000153519049531
0.00015631266961
0.000233650349593
0.00018477114195
4.92295227716e-05
0.00023290827598
0.00027299316029
4.36373079531e-05
0.000234759061873
0.000153519049531
0.00015631266961
0.00011323741351
0.000151247006184
0.000151818204778
0.000117734338034
0.00015520125591
0.000151818204778
0.000152954202776
0.000188021668574
0.000116254692411
0.00015520125591
0.000121354548591
0.000154081825636
0.000236229250562
0.000116996854359
0.000213084708308
0.000119195617356
0.000213490522828
0.000150098088046
0.000122772746603
0.000153519049531
0.000116996854359
0.000183360420021
0.000183360420021
0.00015631266961
0.000154081825636
0.000113999220351
0.000154642553696
0.000152954202776
0.000152387262343
0.000152387262343
0.000111698213834
0.000187098709266
0.000115507762013
6.44565755793e-05
0.00011323741351
0.000188021668574
0.000187098709266
0.000152387262343
5.58210318926e-05
0.000154081825636
0.000211862600871
0.000112470446767
0.000151818204778
0.000116254692411
0.00018477114195
0.000234759061873
0.000119195617356
5.73506584432e-05
5.09573972514e-05
0.000234759061873
0.0001884814534
0.00015520125591
0.000212270751801
0.000119919579799
0.000160141885953
0.000122772746603
0.000155757954077
0.000212270751801
0.000159057231185
0.000217507028761
0.000121354548591
0.000157965128897
0.000158512120577
0.000188021668574
0.000191216946973
0.000241304381919
0.000217507028761
0.000240585917893
0.00022066760283
0.000305341991449
0.00033252045818
0.000245923240511
0.00026295684419
0.000286604473355
0.000249418011471
0.000177082092751
0.00033973069766
0.000383128640372
0.000291693334388
0.000293468335362
0.000399945605972
0.00043879251228
0.000391177108579
0.000464314156724
0.000395139871283
0.000371161328775
0.000447774439041
0.00048242938189
0.000448160874133
0.000584297654431
0.000532781235933
0.000520774657569
0.000579676448818
0.000611675322311
0.000623458511824
0.000685179025731
0.000674978801432
0.000692467112429
0.000702650906918
0.000704619091247
0.000829241852058
0.000804953166479
0.000909197247726
0.000839931522964
0.000892353712997
0.00087914027344
0.00100721992739
0.00102715015585
0.000988095362717
0.00101243599144
0.00110978604763
0.00112351152946
0.00113470913412
0.00117115804136
0.0012930439496
0.00136006418891
0.00138387588698
0.00141482964527
0.00142854135112
0.00148813583182
0.00155209660717
0.00154610184028
0.00172632640549
0.00168650412946
0.00174677654373
0.00169408279644
0.00183341128044
0.00187980232779
0.00204033038694
0.00209964494813
0.00205660111374
0.00217065730157
0.00220310713392
0.00226290081462
0.0022674396608
0.00248898786263
0.00245997700799
0.00248914158052
0.00264774591789
0.00274261444716
0.00274466275573
0.00278623480036
0.0029146484428
0.00292819049051
0.00309782119778
0.00313369140277
0.00319214906702
0.00337351808941
0.00333100651246
0.00341675790391
0.00342925300957
0.00361795279451
0.00366156000778
0.00376776242104
0.00380385062913
0.0038984881329
0.00401779664126
0.00417322281187
0.0041471945438
0.00419852390829
0.00435717038745
0.00440388428774
0.00458669892055
0.0045823442391
0.004613880287
0.0047745355131
0.00483022985829
0.00493133733473
0.00511115618434
0.00512955523643
0.00527035124414
0.00528670796542
0.00545256971738
0.00548985931003
0.00563286281214
0.0055529794183
0.00582008128638
0.00585955474174
0.0059731208186
0.00597546051932
0.00618138577472
0.00618639665937
0.00619723238918
0.0064478177753
0.00647229706229
0.00650392796615
0.00658524691526
0.00671914134213
0.00686983373225
0.00680071680638
0.00689292016326
0.00705710894162
0.00705185634408
0.00716413765574
0.00728000855003
0.00733446320249
0.00729733977817
0.00744344638514
0.00750093432716
0.00757875887976
0.00762753408909
0.0077065705386
0.0077407307517
0.00783933154249
0.00789401069122
0.00794885500635
0.00800770860337
0.00809541486296
0.00805221583419
0.00804370619908
0.0081211514546
0.00818195705288
0.00827311368096
0.00825267694219
0.00832093416892
0.00838579953789
0.00840893640466
0.00831872546813
0.00840273296508
0.00844581675949
0.0084686881947
0.0085563399755
0.00849179495567
0.00845728498064
0.0084665035176
0.00854448207055
0.00856009933886
0.00854026256475
0.00851520141447
0.00847487163126
0.00854447120675
0.00850176298209
0.00855652558047
0.008523242527
0.00847512044276
0.00835523082342
0.00842704345359
0.00833009563854
0.00842357988478
0.00831425756641
0.00838753713217
0.00832610993976
0.00833752194685
0.00825860592865
0.00820356765501
0.00807667635542
0.00815055891393
0.00811277133785
0.00802974349583
0.00798448229007
0.00792077108169
0.00789097035395
0.00781431688799
0.00772479115665
0.00765012012792
0.00765951025347
0.00756190063652
0.00749173826179
0.00738370713803
0.00738749862999
0.00722803229288
0.0072467006995
0.00719225218738
0.00716977760587
0.00702586402192
0.00685182928607
0.0068001665607
0.00685394698904
0.00672787966082
0.00662264229488
0.00655513821395
0.00654411570582
0.00645076726267
0.00633489222826
0.00616683237687
0.00615590299273
0.00605792847682
0.00598543872597
0.00584794923507
0.00582609265087
0.00583156070801
0.0055222459503
0.00561226485479
0.00548788358831
0.00538512365586
0.00522977581897
0.00520174312458
0.00508566822178
0.00498575377582
0.00494750782359
0.00490251477002
0.00481990473625
0.00466089059368
0.00460511905616
0.00444686385203
0.00448784850419
0.00438299665673
0.00430222543909
0.00421387093055
0.00407425246763
0.00400315729948
0.00393878672101
0.00378836675018
0.00377720064966
0.00367638378555
0.00359103687059
0.00350225253231
0.00350869556064
0.00345820281411
0.00336315822714
0.00326296374796
0.00314030741926
0.00301608050875
0.00300964322804
0.00291495357667
0.00278095951719
0.00272967339529
0.00272371018405
0.00268497317229
0.00261052502123
0.00254344439234
0.00244381873534
0.00246079378276
0.00228024350017
0.00217191272163
0.00228170196554
0.00215506969321
0.00215265561962
0.00187132364347
0.00197615644486
0.00192723922782
0.00184231915645
0.00182787937344
0.00164929106219
0.00175385522927
0.00168208089633
0.00162997012035
0.00154189334206
0.00148106862472
0.0014937754336
0.00154606207908
0.00139372304182
0.00130351102484
0.0012414059444
0.0011965599516
0.001138370177
0.00115071337892
0.00111926071271
0.00114627235249
0.00106589910605
0.000978664676741
0.000971652626271
0.000967188350335
0.000894284527976
0.000905654166066
0.000875595903228
0.00081319069273
0.000790944545852
0.000786216882219
0.000716323394047
0.000729511091381
0.000700306503589
0.000751288981197
0.000641676930603
0.000650129049067
0.000553353079333
0.000528692296366
0.000510341372659
0.000460919263427
0.000520442141954
0.000487604666464
0.000425544944542
0.000463741053068
0.000421457342301
0.000411255808614
0.000394920760983
0.000399496841444
0.000262932997813
0.000373502847069
0.000336126256714
0.000326459453573
0.000260618472834
0.000287509052751
0.000274551046455
0.000289907465913
0.000271060993992
0.000302494012369
0.000320033005629
0.00026849428129
0.000333819423071
0.000163881654229
0.000265577079743
0.000215106125032
0.000126932304171
0.000127612382881
0.000238780300228
0.000182887761231
6.02936055356e-05
0.00021104393098
0.000191216946973
0.000159057231185
0.000120639197782
0.000188021668574
0.000211862600871
0.000254934602929
0.000154642553696
0.000257636439871
0.000154081825636
0.00015520125591
0.000116996854359
0.00011092060472
0.00011092060472
0.000182887761231
0.000182413877723
0.000113999220351
0.000208983225862
0.000155757954077
0.00018383186354
0.000154081825636
0.000111698213834
0.000119195617356
4.74387551482e-05
0.000116254692411
3.94714301841e-05
5.42482919478e-05
0.000150673642212
0.000115507762013
0.000184302101114
0.000152387262343
0.000181462398147
4.74387551482e-05
0.000149520318395
4.36373079531e-05
0.000110137505552
0.000109348798378
5.42482919478e-05
0.000181462398147
0.000111698213834
0.000208153231652
0.000113999220351
0.00023290827598
0.00018477114195
0.00023290827598
0.00011323741351
0.000181938759926
4.36373079531e-05
0.000109348798378
0.000232163830464
0.000114755970054
0.000111698213834
0.000151818204778
0.000111698213834
0.000112470446767
0.000207736990988
0.000147773456161
4.55776816842e-05
0.000150673642212
0.000208983225862
0.000149520318395
0.000148940307474
0.000108554360965
0.000153519049531
0.00011323741351
0.00011323741351
0.000148940307474
0.000148358028998
0.000112470446767
0.000207319914631
0.000209809936696
4.74387551482e-05
0.000114755970054
0.000151247006184
3.94714301841e-05
4.74387551482e-05
0.000179544312781
0.000182413877723
0.000149520318395
0.000182887761231
0.000183360420021
0.000110137505552
0.000110137505552
0.000150098088046
0.000150673642212
0.000181462398147
4.74387551482e-05
0.000182413877723
0.000109348798378
0.00011323741351
0.000148940307474
0.000151818204778
3.22282877897e-05
0.000108554360965
0.000106947783707
0.000109348798378
0.000107754066569
0.000107754066569
0.000106947783707
5.09573972514e-05
0.000110137505552
0.000108554360965
0.000109348798378
0.000148940307474
3.94714301841e-05
3.72140212618e-05
5.09573972514e-05
0.00011323741351
0.00011323741351
3.94714301841e-05
0.000206063620602
0.000147186561627
0.000151247006184
0.000106135375901
0.000107754066569
0.000149520318395
0.000111698213834
0.000151247006184
0.000148358028998
0.000151247006184
0.000252546785398
0.000149520318395
3.94714301841e-05
0.000150098088046
0.000110137505552
3.94714301841e-05
0.00011323741351
0.000107754066569
0.000149520318395
4.16065406287e-05
2.27888408421e-05
0.000110137505552
2.63142867894e-05
0.000231042664693
0.000253914002182
0.000148358028998
0.00011092060472
0.000148940307474
0.000151818204778
0.00011092060472
0.000180505903218
0.000150673642212
4.36373079531e-05
0.000181938759926
0.000181938759926
4.16065406287e-05
3.94714301841e-05
0.000111698213834
0.000106947783707
0.00017906158111
0.000109348798378
0.000154081825636
0.000107754066569
0.000111698213834
0.000150098088046
2.94202670203e-05
0.00011092060472
0.000180505903218
4.55776816842e-05
4.74387551482e-05
4.16065406287e-05
0.000150098088046
4.74387551482e-05
0.000112470446767
0.000181462398147
0.000178092192375
0.000183360420021
0.000148940307474
0.000110137505552
3.48105293864e-05
0.000109348798378
0.000148940307474
0.000107754066569
5.26285735788e-05
0.000106947783707
2.94202670203e-05
4.36373079531e-05
3.72140212618e-05
0.00011092060472
0.000180984782562
4.16065406287e-05
0.000107754066569
0.000109348798378
0.000146597317511
2.63142867894e-05
2.94202670203e-05
4.36373079531e-05
0.000107754066569
0.000180025750031
0.000181462398147
3.48105293864e-05
0.000148358028998
4.36373079531e-05
0.000146597317511
0.000148940307474
0.000184302101114
0.000106947783707
0.000109348798378
3.72140212618e-05
3.72140212618e-05
0.000151818204778
0.000151247006184
0.000151247006184
0.000111698213834
0.000109348798378
0.000148940307474
2.63142867894e-05
5.09573972514e-05
0.000108554360965
0.000115507762013
3.22282877897e-05
0.000150098088046
0.000106135375901
0.000149520318395
0.000110137505552
0.000112470446767
0.000148358028998
0.000110137505552
3.72140212618e-05
0.000109348798378
0.000147186561627
0.000111698213834
0.000205643150417
2.94202670203e-05
0.000110137505552
3.72140212618e-05
0.000179544312781
0.000150098088046
4.36373079531e-05
2.27888408421e-05
0.000105316701407
0.000107754066569
4.16065406287e-05
2.63142867894e-05
2.94202670203e-05
0.000106947783707
2.94202670203e-05
0.000146597317511
3.22282877897e-05
0.000104491612931
4.16065406287e-05
0.000146005695365
0.000151247006184
3.72140212618e-05
3.94714301841e-05
3.22282877897e-05
0.00011092060472
0.000152387262343
0.000114755970054
0.000106135375901
0.000109348798378
3.72140212618e-05
3.94714301841e-05
0.000111698213834
4.74387551482e-05
0.000179544312781
0.000109348798378
2.63142867894e-05
4.55776816842e-05
2.94202670203e-05
3.94714301841e-05
3.72140212618e-05
0.000109348798378
3.72140212618e-05
4.16065406287e-05
3.72140212618e-05
0.000107754066569
2.94202670203e-05
0.000109348798378
0.000180025750031
0.000148940307474
0.000147773456161
0.00011323741351
0.000147186561627
0.000112470446767
0.00017906158111
0.000109348798378
3.72140212618e-05
0.000111698213834
0.000111698213834
4.16065406287e-05
0.000110137505552
0.000181462398147
0.000113999220351
2.94202670203e-05
0.000114755970054
0.000148940307474
4.55776816842e-05
0.000151818204778
3.94714301841e-05
0.000103659957315
0.000180025750031
0.000106947783707
0.000111698213834
0.000109348798378
0.000102821575208
2.94202670203e-05
0.000147773456161
0.000110137505552
0.000151818204778
0.000107754066569
0.000109348798378
2.94202670203e-05
4.16065406287e-05
0.000151247006184
0.000150673642212
3.22282877897e-05
4.36373079531e-05
3.94714301841e-05
3.48105293864e-05
0.000146597317511
0.000109348798378
2.94202670203e-05
3.48105293864e-05
3.72140212618e-05
0.000147773456161
3.72140212618e-05
4.55776816842e-05
0.000150673642212
0.000107754066569
3.48105293864e-05
0.000147186561627
0.00011092060472
0.000110137505552
0.000104491612931
0.000110137505552
2.63142867894e-05
0.000147186561627
0.000151818204778
3.94714301841e-05
0.000109348798378
0.000108554360965
0.000150098088046
0.000151247006184
0.000147773456161
0.000110137505552
0.000146597317511
0.000150673642212
3.48105293864e-05
0.000148358028998
0.000178092192375
0.000108554360965
0.000109348798378
0.000106947783707
0.000105316701407
0.000146597317511
0.000108554360965
0.000180984782562
2.94202670203e-05
0.000149520318395
0.000150673642212
2.63142867894e-05
0.000111698213834
3.22282877897e-05
3.72140212618e-05
0.000147773456161
0.000108554360965
0.000148940307474
0.000181462398147
2.63142867894e-05
0.000147773456161
0.000148358028998
0.000103659957315
0.000149520318395
3.22282877897e-05
0.000105316701407
3.48105293864e-05
4.55776816842e-05
0.000146005695365
0.00011092060472
0.000180984782562
0.000146005695365
3.22282877897e-05
0.000105316701407
3.48105293864e-05
2.63142867894e-05
0.000110137505552
3.72140212618e-05
3.94714301841e-05
0.000109348798378
4.92295227716e-05
4.16065406287e-05
0.000147186561627
0.00011092060472
0.000106135375901
0.000150673642212
0.000208568641626
0.000146005695365
2.94202670203e-05
0.000150098088046
0.000147186561627
3.48105293864e-05
2.94202670203e-05
0.000107754066569
0.000106947783707
0.000111698213834
3.22282877897e-05
3.22282877897e-05
2.94202670203e-05
3.48105293864e-05
0.000147186561627
2.63142867894e-05
0.000147773456161
1.86070106309e-05
4.74387551482e-05
2.63142867894e-05
3.94714301841e-05
0.000110137505552
0.000146597317511
3.48105293864e-05
3.22282877897e-05
2.63142867894e-05
3.22282877897e-05
0.000106947783707
0.000180025750031
0.000147186561627
0.000108554360965
0.00025357288909
2.63142867894e-05
0.000147773456161
0.000109348798378
0.00011092060472
3.22282877897e-05
0.000108554360965
0.000104491612931
2.94202670203e-05
3.72140212618e-05
0.000180025750031
3.48105293864e-05
2.27888408421e-05
2.63142867894e-05
2.63142867894e-05
2.63142867894e-05
0.000102821575208
3.72140212618e-05
3.94714301841e-05
0.000150098088046
0.000106135375901
0.000108554360965
0.000106135375901
4.16065406287e-05
2.63142867894e-05
0.000109348798378
0.000107754066569
0.000207736990988
0.000108554360965
0.000144815200288
3.48105293864e-05
2.63142867894e-05
0.000104491612931
0.00017906158111
1.86070106309e-05
0.000146597317511
1.86070106309e-05
0.000105316701407
0.000105316701407
2.94202670203e-05
0.000105316701407
3.22282877897e-05
2.27888408421e-05
2.63142867894e-05
0.000105316701407
3.48105293864e-05
3.72140212618e-05
0.000105316701407
0.000109348798378
3.22282877897e-05
3.22282877897e-05
0.000146597317511
3.72140212618e-05
2.94202670203e-05
0.000106135375901
3.48105293864e-05
2.94202670203e-05
2.63142867894e-05
2.63142867894e-05
0.000104491612931
3.48105293864e-05
3.72140212618e-05
0.000106135375901
2.63142867894e-05
0.000103659957315
0.000105316701407
0.000108554360965
3.72140212618e-05
3.22282877897e-05
3.48105293864e-05
2.94202670203e-05
0.000108554360965
2.94202670203e-05
2.94202670203e-05
2.63142867894e-05
3.22282877897e-05
0.000107754066569
0.000147773456161
0.000110137505552
3.72140212618e-05
3.72140212618e-05
0.000106135375901
0.000106135375901
0.000146597317511
3.94714301841e-05
0.000150098088046
0.000106947783707
0.000147773456161
0.000147773456161
0.000148940307474
0.000107754066569
0.000106135375901
0.000110137505552
0.000180025750031
0.000108554360965
0.000148358028998
0.000105316701407
3.48105293864e-05
0.000105316701407
0.000147186561627
1.86070106309e-05
0.000109348798378
0.000146597317511
0.000105316701407
2.94202670203e-05
2.94202670203e-05
0.000146597317511
3.22282877897e-05
0.000146597317511
2.94202670203e-05
0.000147773456161
0.000105316701407
3.22282877897e-05
0.000106947783707
4.55776816842e-05
0.000104491612931
2.94202670203e-05
3.72140212618e-05
2.63142867894e-05
2.63142867894e-05
0.00017906158111
2.27888408421e-05
3.94714301841e-05
4.36373079531e-05
0.000102821575208
0.000146005695365
0.000107754066569
0.000106947783707
0.000148940307474
1.86070106309e-05
0.000147773456161
0.000104491612931
0.000105316701407
0.000148940307474
1.86070106309e-05
0.000148358028998
0.000107754066569
0.000103659957315
0.000104491612931
0.000110137505552
0.000106135375901
2.94202670203e-05
3.48105293864e-05
3.94714301841e-05
0.000109348798378
3.94714301841e-05
2.27888408421e-05
1.86070106309e-05
3.72140212618e-05
0.000178577544521
2.63142867894e-05
0.000108554360965
2.27888408421e-05
3.72140212618e-05
0.000106135375901
2.94202670203e-05
3.22282877897e-05
1.31571433947e-05
0.000146005695365
0.000108554360965
2.94202670203e-05
3.22282877897e-05
2.27888408421e-05
2.27888408421e-05
3.22282877897e-05
0.000106135375901
2.63142867894e-05
0.000206063620602
0.000105316701407
3.48105293864e-05
0.000104491612931
0.000146597317511
1.86070106309e-05
0.000103659957315
3.22282877897e-05
2.63142867894e-05
2.94202670203e-05
4.36373079531e-05
0.000145411666164
0.000106135375901
0.000148358028998
0.000147773456161
0.000177605513886
0.000147186561627
0.000105316701407
0.000145411666164
0.000147773456161
2.94202670203e-05
0.000148940307474
2.94202670203e-05
0.000106135375901
0.000144216267501
3.48105293864e-05
1.86070106309e-05
2.63142867894e-05
0.000104491612931
0.000106135375901
0.000106135375901
0.000105316701407
3.22282877897e-05
0.000105316701407
2.63142867894e-05
0.000106135375901
0.00017906158111
0.000146005695365
2.94202670203e-05
0.000107754066569
2.94202670203e-05
3.22282877897e-05
3.48105293864e-05
0.000106135375901
2.63142867894e-05
0.000107754066569
0.000106135375901
0.000104491612931
0.000108554360965
3.48105293864e-05
1.86070106309e-05
1.86070106309e-05
0.000106947783707
1.31571433947e-05
3.22282877897e-05
2.63142867894e-05
2.63142867894e-05
0.000103659957315
0.000106947783707
2.63142867894e-05
2.27888408421e-05
2.94202670203e-05
0.000107754066569
1.31571433947e-05
0.000146597317511
2.63142867894e-05
0.000102821575208
0.000102821575208
4.16065406287e-05
0.000146597317511
3.72140212618e-05
0.000147186561627
0.000105316701407
3.22282877897e-05
2.27888408421e-05
2.63142867894e-05
0.000104491612931
0.000103659957315
0.000147773456161
0.000106135375901
0.000106947783707
0.000104491612931
0.000104491612931
0.000105316701407
2.27888408421e-05
3.22282877897e-05
2.94202670203e-05
0.000109348798378
0.000106135375901
1.86070106309e-05
0.000103659957315
0.000107754066569
1.86070106309e-05
0.000178577544521
1.86070106309e-05
0.00011092060472
2.94202670203e-05
4.36373079531e-05
0.000104491612931
2.27888408421e-05
0.000103659957315
2.63142867894e-05
0.000105316701407
2.94202670203e-05
3.72140212618e-05
0.000104491612931
0.000178092192375
0.000145411666164
0.000106947783707
2.94202670203e-05
0.000105316701407
4.16065406287e-05
3.22282877897e-05
2.27888408421e-05
3.22282877897e-05
0.000107754066569
0.000105316701407
1.31571433947e-05
1.86070106309e-05
3.22282877897e-05
0.000104491612931
0.000105316701407
0.000108554360965
3.72140212618e-05
0.000106947783707
0.000145411666164
2.27888408421e-05
2.27888408421e-05
0.000108554360965
3.22282877897e-05
0.000103659957315
1.86070106309e-05
3.22282877897e-05
2.27888408421e-05
0.000109348798378
0.0
0.000106947783707
0.000144815200288
0.000108554360965
1.86070106309e-05
0.000105316701407
3.22282877897e-05
2.94202670203e-05
2.63142867894e-05
0.000147186561627
1.31571433947e-05
1.31571433947e-05
2.94202670203e-05
3.72140212618e-05
3.22282877897e-05
3.48105293864e-05
0.000106947783707
3.22282877897e-05
1.86070106309e-05
3.22282877897e-05
2.94202670203e-05
2.63142867894e-05
0.000106135375901
1.86070106309e-05
0.000101976300708
2.63142867894e-05
2.63142867894e-05
0.000147773456161
2.94202670203e-05
1.86070106309e-05
2.63142867894e-05
2.27888408421e-05
2.94202670203e-05
1.86070106309e-05
1.86070106309e-05
2.63142867894e-05
0.000146005695365
2.27888408421e-05
2.63142867894e-05
0.000103659957315
0.0
0.000103659957315
1.31571433947e-05
2.27888408421e-05
0.000104491612931
0.000103659957315
1.86070106309e-05
2.63142867894e-05
1.31571433947e-05
2.27888408421e-05
2.27888408421e-05
2.63142867894e-05
0.000105316701407
0.000146597317511
0.000103659957315
2.63142867894e-05
0.000104491612931
2.63142867894e-05
3.22282877897e-05
1.31571433947e-05
0.000104491612931
2.94202670203e-05
0.000178092192375
3.72140212618e-05
3.72140212618e-05
0.000104491612931
3.22282877897e-05
0.000103659957315
2.94202670203e-05
0.000106947783707
2.27888408421e-05
0.000102821575208
2.63142867894e-05
2.94202670203e-05
0.000106135375901
0.000105316701407
2.27888408421e-05
0.000101976300708
1.86070106309e-05
0.000104491612931
0.000147773456161
1.86070106309e-05
0.000101976300708
2.94202670203e-05
2.27888408421e-05
0.000105316701407
0.000106135375901
2.94202670203e-05
2.63142867894e-05
0.000146597317511
1.31571433947e-05
2.27888408421e-05
0.000104491612931
1.86070106309e-05
0.000101976300708
0.000106135375901
1.86070106309e-05
0.000105316701407
0.000104491612931
2.27888408421e-05
1.31571433947e-05
1.86070106309e-05
1.86070106309e-05
2.94202670203e-05
0.000103659957315
0.000103659957315
2.27888408421e-05
0.000103659957315
2.63142867894e-05
2.27888408421e-05
1.86070106309e-05
2.63142867894e-05
3.48105293864e-05
1.86070106309e-05
2.63142867894e-05
0.000101976300708
0.000102821575208
1.86070106309e-05
3.22282877897e-05
3.48105293864e-05
1.86070106309e-05
3.22282877897e-05
2.63142867894e-05
2.27888408421e-05
0.000102821575208
0.000103659957315
2.63142867894e-05
1.86070106309e-05
1.86070106309e-05
0.000103659957315
0.000103659957315
3.22282877897e-05
1.31571433947e-05
2.27888408421e-05
1.86070106309e-05
2.27888408421e-05
3.22282877897e-05
1.31571433947e-05
0.000102821575208
2.27888408421e-05
1.31571433947e-05
0.000146597317511
0.000178577544521
0.000102821575208
0.000145411666164
0.000105316701407
2.94202670203e-05
0.000101976300708
0.000147773456161
0.000103659957315
1.31571433947e-05
2.94202670203e-05
1.31571433947e-05
3.22282877897e-05
2.27888408421e-05
2.94202670203e-05
0.000147773456161
0.000104491612931
2.63142867894e-05
0.000102821575208
0.000103659957315
3.48105293864e-05
2.27888408421e-05
2.63142867894e-05
0.000106947783707
0.000103659957315
1.86070106309e-05
0.000101976300708
3.22282877897e-05
0.000103659957315
0.000102821575208
2.27888408421e-05
0.000107754066569
1.31571433947e-05
1.86070106309e-05
3.48105293864e-05
1.86070106309e-05
0.000144815200288
3.22282877897e-05
2.27888408421e-05
2.27888408421e-05
2.27888408421e-05
1.86070106309e-05
0.0
