-0.00069979926409
0.0
0.0
0.0
0.0
0.0
0.0
0.0
0.0
0.0
0.0
0.0
0.0
0.0
0.000101976300708
0.000101976300708
0.000815810405662
0.00183557341274
0.00591462544105
0.00754624625237
0.0132437619486
0.0421918742062
0.122328808573
0.224693295647
0.348966249383
0.478785394788
0.552695213119
0.553152466049
0.533533544883
0.521691136857
0.501302472166
0.459090845366
0.376911104139
0.332005341244
0.311794314867
0.336008731258
0.383259982827
0.467597765632
0.603637499138
0.704745529654
0.698538436273
0.601730388497
0.478694813876
0.357067391175
0.251062095075
0.187242111489
0.148018472786
0.123824990505
0.0932958541942
0.0806614793857
0.0724154001116
0.0684390332935
0.0611300882286
0.0527754034457
0.0401505673582
0.0460983388397
0.0436246946087
0.0464833456325
0.0426280663147
0.0482301336455
0.043953420648
0.0491541107113
0.0437389503553
0.0471599764259
0.0503901395233
0.043738477749
0.0469815616866
0.0417082541526
0.0408857807813
0.0399019045396
0.0390464876734
0.0390890374044
0.034908042833
0.0360131078478
0.0399802060057
0.0329699529981
0.0442791760189
0.0449140672635
0.0467229888135
0.0375844581496
0.0354330120226
0.0321071980142
0.0449460655457
0.0397386112439
0.039001878729
0.0350575101931
0.0322019712277
0.0344880670896
0.0390143607205
0.0361293616523
0.0305502602466
0.03689555427
0.0385205121157
0.042681855366
0.0362374945547
0.0468758382928
0.0332370919816
0.0355069861568
0.0376155112192
0.0357994540971
0.032756501793
0.031605167352
0.0333946401264
0.0302892842245
0.0331575414846
0.033920689559
0.0340160704093
0.0316903005717
0.0359534850923
0.0358218799008
0.0302754519292
0.0276901914037
0.0292163187647
0.0316176493434
0.0323478201655
0.0310943743933
0.0306075938453
0.0356372072869
0.0264923174757
0.0239657408528
0.0361206394733
0.0325941874676
0.0356633190281
0.0305150887504
0.0344989287165
0.0314228978871
0.0325742323281
0.0281102072645
0.0292386770532
0.0320674966406
0.0306235254713
0.0310050151145
0.0292812267842
0.0358536756374
0.0331627528737
0.0254585533854
0.0302777538054
0.026139646541
0.0292711816993
0.0272249589619
0.0289881512072
0.0299520723094
0.0288565460156
0.0301722941127
0.0280998246036
0.0237017202874
0.028369562922
0.0261753645184
0.0343927263567
0.0252707349554
0.0306030639679
0.0276521779099
0.033800317328
0.0239777164804
0.0288430512963
0.0254350135811
0.0278296811941
0.029000768229
0.0250040074227
0.0274448094316
0.0288691967951
0.0314973783852
0.0278789276485
0.0258065594122
0.0310302491583
0.023582630845
0.0319875072948
0.0257242344326
0.0242734652672
0.0270825660183
0.0268393107747
0.0280826439467
0.032171572272
0.0271220712061
0.0280857897628
0.0258490078705
0.026385102388
0.0278192647757
0.0275660319623
0.027871994622
0.0279706563187
0.0308224755889
0.0286942992054
0.0279671054115
0.0295757940552
0.0267204238778
0.0220163569019
0.0230493108099
0.0265722794237
0.0232004660498
0.0243222728728
0.0233847673301
0.0230458949331
0.0213977348592
0.0289373519034
0.0259439161144
0.0232398024496
0.0303485483659
0.0247266271684
0.0215883952868
0.0247859187077
0.0247463797623
0.0230983884763
0.0237003699836
0.0222167585961
0.0216968320076
0.0188119342122
0.0263417762323
0.0214271612044
0.020585036512
0.0243909343451
0.021305331037
0.0239237713606
0.0240949154975
0.02091054922
0.0257067837149
0.0220848833438
0.0209139650968
0.0205552725908
0.0228349417901
0.0187196654204
0.0190223134761
0.0254040343865
0.0228019982952
0.0154203007292
0.0202623320441
0.0235684609737
0.0206341479359
0.018051830681
0.0227986499335
0.0145616030166
0.0215551479736
0.0198413034554
0.0154464462281
0.0210748953609
0.0195649021714
0.0214366324102
0.0177195537345
0.0154890634743
0.0207590564042
0.0176668238881
0.0181733907876
0.0218379421626
0.0187555521858
0.017673385581
0.0192950625802
0.0204332736354
0.0176963852637
0.0215516645816
0.0207358204183
0.0171107404735
0.0177390362676
0.0150350913908
0.0193016242731
0.0161403251935
0.0171469648148
0.0163475586414
0.0187982031897
0.017903584954
0.0144560758086
0.0150876524492
0.0124659312792
0.0175350499086
0.0152553807093
0.0162159196923
0.0174034784746
0.0140611927188
0.013978969012
0.0146368936969
0.0157026560695
0.0143407735766
0.0141368547327
0.0154691420924
0.00939987801951
0.0121137667084
0.0131071816711
0.0110183416874
0.00979783941021
0.0138308583154
0.0108142540556
0.0144065255359
0.0135874005262
0.0139196437152
0.0104293822932
0.00904121927103
0.0115806829766
0.0113702024399
0.0099458825916
0.00948856214645
0.0108010969123
0.0108635680252
0.00874506539306
0.00982733327066
0.0130247554187
0.0100082524317
0.0125477498949
0.00462978902343
0.00931413716308
0.00621865755811
0.0100147466094
0.00939960795875
0.00704096214149
0.00836015987298
0.00752128226938
0.00476792215027
0.00500150364252
0.00694230044482
0.00606070432219
0.0074883725321
0.0040935594755
0.00550475593797
0.00633037512539
0.00560010303059
0.00730407125179
0.0061758040087
0.00689281768731
0.00485335918835
0.00717253357543
0.00931393461751
0.00624811766097
0.00790923233275
0.004382949115
0.00485660627721
0.00482048320866
0.00528423031633
0.00471840563517
0.00288942767292
0.00421836667098
0.00386968549222
0.00687631218228
0.00167230751493
0.00281697899027
0.0033268942514
0.00285641666286
0.00584335827421
0.00355712738201
0.00350443129324
0.00258664458687
0.00414267089947
0.00314922217918
0.00520193909432
0.00276763126314
0.00159322962418
0.00303077413103
0.000517557197073
0.00327419816263
0.00194522540698
0.00472161896643
0.00352746473358
0.00131358125125
0.00200106731182
0.0018168335467
0.00324781636065
0.00200441567346
0.00279056343069
0.00157347703029
0.00111290949628
0.00101093319558
0.00133989553804
0.00241878129641
0.00103396663592
0.000155583844541
0.00361953097975
0.00198131471793
0.00061611762095
0.00159969004429
0.000905642290824
-8.1278494159e-05
0.00155362316361
0.00248121865174
0.00159640919784
0.00148127575374
0.00153725268896
0.00236283811878
0.000520736770738
0.000415378350795
0.00162928517753
0.000770688737642
0.000813474771871
-0.00150563210002
0.000306907872377
0.00282340565279
-0.00191353730285
-0.00242017171754
-0.000525441795914
-0.00137077981963
-0.000525408038319
-0.000429959672916
0.00152067966874
0.0028101809942
0.00230029949066
0.00307000925805
0.000218021199874
0.000757497836652
-0.000383960307427
0.00108317933266
0.000882473820105
-0.000383994065022
0.00264238521893
-8.13460093489e-05
-0.000610980106777
0.00136272643281
0.000701554659029
0.00201074106319
0.00372786642779
-0.000305051204654
-0.000545228147398
3.37536771585e-05
0.000494253695973
0.000273896862308
-0.000183322310057
-0.00266697786837
0.000606106293626
0.000744273178068
0.00160615046441
0.00120808780093
0.00271797971765
0.000540320576652
-0.0011537713476
0.000675172857049
0.000560039412947
0.000339615064092
0.00164890274104
-0.000252490146265
0.00125084007756
-2.55041045101e-05
-0.000847876203072
0.000145572517216
0.000997539749017
-0.000124165801173
0.00104685371855
0.00133631087323
0.000267233896623
-0.000963009647174
0.00039880533057
-0.000772281704343
0.00168499205199
-0.00116371515973
0.00276073199429
0.00206661672563
0.0010435728721
0.000800148840501
0.00209289725482
0.00195804497443
-0.000219647924171
0.00198760635007
-0.000134143370903
-0.000347904754073
-0.00135122977131
0.00127052515626
-0.000278871948244
-0.001223006699
-0.000663743710736
0.00233300668238
0.00185603491612
-0.000338095972318
0.00200407809751
0.00302712195104
-0.00102230118644
0.00172446348218
-0.000417038832686
0.00203045989949
-0.00167366417846
0.00137906314987
0.000382333583131
-0.00209141192064
0.00198101089958
0.000517152105933
0.0011980764736
0.00122114367154
-0.000371005709602
-0.000377567402502
0.000112561507147
0.00020794235736
-0.00105521092372
3.36186467787e-05
0.000836305666641
0.000402052419425
-0.000196648241426
0.00180996803544
0.00140530992147
-0.000598025508952
3.98975594434e-06
0.000346109241802
0.00171455342764
-0.00111115410135
0.000467838136399
0.000589499515806
-0.000186771944481
0.000599409570346
-0.000624306038147
0.000431647552665
0.00131652452175
0.000763823226387
0.00117504303326
0.00104015699527
-0.00106840182471
0.00127373848752
0.0013263670611
-0.000496082965839
0.000596061208706
0.000145369971646
-0.000844764144597
0.000734228093148
-0.000851359595091
0.000240784579454
-0.00178883138016
-0.000183592370816
-0.000403982962076
-0.000147435544677
0.000313131989327
-0.000607969321087
0.000313098231733
-0.000548779054608
0.000651903113545
-9.48069710984e-05
-0.000746203720719
0.0016354080217
-0.000506060535569
0.000707778775979
0.00109924598896
-0.000272512800914
0.000951169049983
0.000368940136571
-0.000259389415115
0.000954483654028
-0.000456746566035
0.000730744701128
-0.000124537134718
0.000845844387636
-0.00127918617979
-0.000154199783147
-0.000542352392088
0.00108595381519
0.000569476861157
0.00066485771137
0.000592510301496
0.0014313203899
-3.90663390445e-05
-0.000996358233193
0.00065494765683
0.000125347316997
0.00105957201321
0.000753643111088
-0.000131267615592
0.00019441388042
0.000122032712952
0.000388456427296
0.000401613570691
0.000526589554143
0.000220694409615
-6.29163214009e-06
0.000296322665938
-1.28870826349e-05
0.000720665858614
0.000115369747267
0.000240379488314
-0.000157649417572
0.0014838139331
0.000427894099885
0.000342355789022
-0.000654373777716
-0.000276097465719
-0.000128054284332
0.000316007744638
0.000697564903084
0.000329198645627
0.0011252226998
0.000358793778867
0.00065153178
0.00122391815406
0.000207435993435
-0.000246536090075
-0.000723474098734
0.000362040867722
-0.000512959804419
-0.000470207527785
0.000207435993435
0.000355479174822
0.000184402553096
0.000394950605006
-0.000657722139355
-0.000785978969258
0.000213997686335
-0.000397860117911
-0.000272816619269
0.000148211969362
0.000404793144356
0.00022387398328
-0.000453803295535
0.000536364578303
0.00169429446982
-0.000753136747163
-0.000361669534177
0.000766631466508
0.000190964245996
0.000565959711542
9.88642422326e-05
0.000394916847411
1.00450849196e-05
-0.000397860117911
0.000279783403309
-0.000361669534177
-0.000193907516496
0.000865293163171
0.000112021385627
-0.000207064659891
-0.000483398428774
-0.000322198103993
0.000737036333268
-0.000276164980909
-0.000151155239862
0.000661340561755
0.000681093155645
-0.000493274725719
-3.27409493094e-05
0.000635026274966
0.000253469116519
0.000690969452589
-0.000345265301927
0.000338973669787
-5.2459785604e-05
-0.000315636411093
-1.30221130148e-05
-0.00044392699859
0.000737002575673
0.000230401918585
0.000651498022405
0.000144897365317
0.000681093155645
0.000960674013383
-6.89315330436e-05
0.000572521404442
-0.000236693550725
-0.000420893558251
-0.00022025556088
0.000444230816945
-0.00044392699859
0.000924483429649
9.55158805928e-05
-3.27747069044e-05
0.000838978876381
0.000533049974258
0.00103305518085
-3.60555533543e-05
0.000194211334851
-0.000414331865351
0.000306063932503
4.94827575088e-05
0.000579116854937
-0.000151188997457
0.000552802568147
-0.000378141281617
-0.000651160446456
-1.30221130148e-05
-0.000391332182606
2.64493171693e-05
0.000115234716887
0.000414601926111
0.000134987310777
-0.000374894192762
0.000335659065742
0.000289592185063
0.000335659065742
0.000266592502319
0.000171177894511
0.000250120754879
-0.00021041302153
0.000365254198982
0.000158020751116
0.000483668489534
0.000131706464327
0.000838945118786
0.000388287639321
0.000134987310777
0.000766563951318
0.000319187318303
-0.000131470161162
0.000246839908429
-0.000134751007612
-6.89652906385e-05
0.000408006475616
-3.60893109493e-05
-0.00020713217508
-3.17957366502e-06
0.000338939912192
-0.000644632511151
0.000417882772561
0.000306030174908
0.000766563951318
0.000894854538815
2.97301636192e-05
0.000434320762405
-0.000292670485944
-0.000200536724586
0.000506701929874
0.000519859073268
0.0010428977202
0.000164582444016
6.92015938034e-05
0.000509982776323
0.000329063615248
7.90441331532e-05
-8.87178845281e-05
7.90441331532e-05
-7.88415875833e-05
0.000259963294229
-0.000315703926283
0.000325749011203
0.000296153877963
0.000144829850127
0.000296153877963
-0.000161099051996
0.000855383108631
0.000157986993521
0.000408006475616
0.000605363626536
0.000246806150834
-0.00045055620668
0.000486949335984
8.5639583648e-05
0.000503387325829
0.000500106479379
9.87967270427e-05
0.000375096738332
1.98201090795e-05
-0.000496623087359
-0.000315703926283
0.000723777917089
0.000368535045432
-0.000417680226991
0.000921168825604
0.000167863290466
7.57632867032e-05
-2.29321675546e-05
0.00153302662985
-6.49417770992e-06
0.000575768493297
0.000398130178671
0.000279715888119
-0.000240041912365
0.000131672706732
0.000602082780086
0.000378377584781
0.000401411025121
-0.000276232496099
0.000437601608855
-0.000322299376778
-0.000266356199154
-0.000151222755052
0.000322468164753
9.22012765479e-05
0.000361939594937
0.000579049339747
8.23249796031e-05
-0.000325580223228
3.62918565191e-05
-0.000289389639494
0.00023364900744
-0.00022360392252
0.000131672706732
7.90441331532e-05
0.000194177577256
0.000289558427468
0.000204020116605
0.00022380646809
0.0004474779058
-0.000147941908602
-0.000608475685011
0.000417849014966
-0.00022688476897
-0.000213727625575
-0.000417680226991
0.000319187318303
3.29772524742e-05
0.000921168825604
8.5605826053e-05
0.000118515563337
-0.000124908468262
0.000477073039039
-0.000378208796807
-0.000207165932675
0.0004474779058
0.000657992200115
0.000927730518504
0.000440882455305
-1.96513211046e-05
7.24486826583e-05
0.000164582444016
0.000335625308147
0.000529701612618
0.000381658431231
0.00067114934351
-0.000157818205547
0.000404691871571
0.000493511028884
0.00067114934351
-4.5965607894e-05
0.000368501287837
0.000523139919718
0.000697463630299
0.000822473371347
0.000398130178671
-5.58419048388e-05
1.32584161796e-05
0.000595487329592
0.00023036816099
-0.000230199373015
-0.00044071366733
0.00111852597652
-0.000272951649649
0.0004606012916
-0.000121627621812
0.000723777917089
-0.000207165932675
0.000246806150834
-2.95276180494e-05
-0.000213727625575
0.000266524987129
-0.00023016561542
0.000611925319436
0.000509949018729
-0.000529532824643
0.000963921102238
-0.000207165932675
-0.000263109110299
-1.63704746547e-05
0.000338906154597
0.00043428700481
0.000411287322066
-1.96513211046e-05
0.000638239606226
0.000286243823424
0.000529701612618
0.000138234399632
0.000138234399632
0.000204020116605
-0.000101908785518
-4.92802119389e-05
0.00101326882937
0.000200739270155
0.000309311021358
0.000358624990892
0.000700744476749
0.000181020433861
0.000345467847497
0.000134953553182
0.000355344144442
0.000503387325829
0.000513263622773
0.000230334403395
-0.000200570482181
8.5605826053e-05
0.000519825315673
-0.000302580540483
-0.000259794506254
-9.53133350229e-05
0.00021717726
0.000384939277681
0.000164548686421
-0.000131503918757
0.000378377584781
0.000575734735702
0.000470477588544
-0.00024663736286
-0.000157818205547
-0.000131503918757
-4.26847614441e-05
0.000273120437624
0.000250086997284
-0.000131503918757
-0.000144661062152
0.000595487329592
-0.000111751324868
6.75151899432e-08
1.32584161796e-05
0.000177705829816
0.000279682130524
-6.49417770992e-06
0.000329029857653
0.000529701612618
9.54821229978e-05
0.00045732044515
0.0004606012916
5.92915392636e-05
-0.000190727942831
-0.000286108793044
-3.28084644993e-05
0.000164548686421
-0.000480185097514
-7.88753451783e-05
9.54821229978e-05
-0.00043743282088
0.000289558427468
0.000111920112842
0.000227053556945
4.2853549419e-05
-0.00024335651641
0.000467196742094
3.95389453741e-05
-9.2032488573e-05
-5.25610583889e-05
1.98201090795e-05
8.5605826053e-05
0.000358624990892
0.000263244140679
-0.000249918209309
0.000164548686421
3.62580989241e-05
-9.2032488573e-05
-4.26847614441e-05
0.000378377584781
-5.58419048388e-05
-0.00065454256569
-0.000101875027923
6.75151899432e-08
-0.000371647103907
0.000200739270155
7.24486826583e-05
0.000282996734569
0.000352063297992
0.000177705829816
0.000148110696577
-0.000259794506254
0.000312591867808
-0.000342018213072
0.000121796409787
0.00064483505672
-0.000161099051996
1.65392626296e-05
0.000210649324695
-0.000453870810725
-0.000115032171318
-6.49417770992e-06
0.000329029857653
0.00107905454634
-0.000177570799436
0.000375096738332
-0.000424275677486
0.000250086997284
0.000516544469223
0.000181020433861
-0.000861776013556
0.000595487329592
9.87629694477e-05
0.000282962976974
0.000855349351036
0.000148110696577
0.000460635049195
0.00021717726
0.000407972718021
0.000707339927244
-5.25610583889e-05
0.000523106162123
0.000483634731939
5.26960887688e-05
-0.000144661062152
0.000371782134287
-1.63704746547e-05
5.26960887688e-05
0.000509949018729
0.000470477588544
0.000407972718021
-0.00024335651641
-0.000128223072307
-0.000203885086225
-0.000154537359097
0.000227053556945
0.000138234399632
-0.000194008789281
-4.26847614441e-05
0.000184267522716
-0.000256513659804
-0.000575599705322
0.000503387325829
-0.000256513659804
-4.92802119389e-05
-0.000322299376778
-0.000105189631968
-0.000319018530328
0.000243491546789
4.94152423188e-05
-0.000115065928912
-2.62467715995e-05
-0.00024007566996
-8.54707956731e-05
0.000194143819661
-0.000249951966904
-6.5279353049e-06
0.000233615249845
0.000299400966818
-8.54707956731e-05
0.000394781817031
-0.00023679482351
7.24149250633e-05
0.000384939277681
0.000424410707865
0.000605329868941
0.000190829215616
0.000542824998418
-0.00020719969027
-0.00045390456832
0.000365186683792
-0.00020391884382
0.0002237389529
0.000151357785432
-0.000263109110299
0.00044412954416
-0.000118380532957
0.000852034746991
0.0002303006458
-0.00020391884382
-2.62805291944e-05
-6.24711129286e-05
0.000279648372929
-0.000253266570949
-3.94376725891e-05
0.000634925002181
0.000164514928826
0.000792810722917
0.000371748376692
6.25386281186e-05
-0.000154571116692
-0.000167728260086
5.26623311738e-05
-3.61568261392e-05
-0.000243390274005
3.37575949716e-08
-0.000138133126847
0.000154638631882
-0.000177604557031
7.89766179632e-05
-9.86616966628e-05
5.26623311738e-05
0.000223705195305
-6.56169289987e-06
-0.000187480853976
-0.000161166567186
0.000282929219379
0.000256614932589
0.000282929219379
-8.55045532681e-05
1.64717474396e-05
9.54146078078e-05
-0.000174323710581
-0.000151290270242
-0.000174323710581
-7.23474098734e-05
0.000157919478331
0.000108571751203
0.000171076621726
0.000286210065829
0.000220424348855
6.59545049484e-06
1.97525938895e-05
-4.6033123084e-05
0.000131605191542
4.2786034229e-05
0.000157919478331
-8.22237068182e-05
-0.000161166567186
0.000259895779039
0.000108571751203
0.000273052922434
0.000391467212986
-0.000161166567186
0.000246738635644
0.000493443513694
5.59431776237e-05
1.31909009897e-05
0.000144762334937
-9.53808502129e-05
1.97525938895e-05
6.91003210184e-05
-6.56169289987e-06
-0.000111818840058
-6.90665634235e-05
0.000148043181387
0.000440814940115
0.000148043181387
-0.00022367143771
9.54146078078e-05
8.22574644131e-05
0.000391467212986
0.00045397208351
0.000161200324781
0.000134886037992
0.000108571751203
1.64717474396e-05
0.00021054805191
-2.29996827445e-05
-8.22237068182e-05
9.54146078078e-05
9.54146078078e-05
-0.000210514294315
7.23811674684e-05
-1.97188362946e-05
0.000338838639407
-0.000174323710581
-5.26285735788e-05
0.000516476954033
-3.28759796893e-05
-0.000148009423792
0.000105290904753
-0.000174323710581
6.59545049484e-06
4.6066880679e-05
7.23811674684e-05
6.59545049484e-06
0.000121728894597
0.0002368623387
0.000312524352618
-2.95951332393e-05
0.000171076621726
-1.97188362946e-05
-0.000121695137002
5.59431776237e-05
0.000108571751203
2.96288908343e-05
0.000628329551686
0.000171076621726
1.97525938895e-05
-0.000174323710581
-6.90665634235e-05
8.55383108631e-05
0.0002368623387
0.000631610398136
-3.28759796893e-05
0.000299367209223
3.29097372843e-05
5.92240240737e-05
3.29097372843e-05
0.000121728894597
0.000582262671007
6.59545049484e-06
-0.000187480853976
-6.56169289987e-06
0.000391467212986
-3.28759796893e-05
6.59545049484e-06
0.0002368623387
0.000697396115109
0.000157919478331
0.000148043181387
0.000250019482094
0.000148043181387
3.31460404491e-06
0.000542791240823
-0.000171042864131
6.58194745685e-05
0.000259895779039
9.54146078078e-05
0.000493443513694
0.000325681496013
-0.000144728577342
0.000134886037992
3.29097372843e-05
0.000325681496013
-0.000148009423792
-0.000118414290552
-0.000144728577342
0.000184233765121
-0.000210514294315
0.000529634097428
3.29097372843e-05
0.00021054805191
0.00021054805191
0.000121728894597
-0.000289457154684
4.6066880679e-05
-5.91902664787e-05
6.59545049484e-06
0.000134886037992
-0.00022367143771
1.64717474396e-05
1.97525938895e-05
-6.56169289987e-06
8.22574644131e-05
8.22574644131e-05
0.000108571751203
3.29097372843e-05
0.000134886037992
-6.56169289987e-06
5.92240240737e-05
-9.86616966628e-05
-5.59094200288e-05
2.96288908343e-05
0.000108571751203
0.00021054805191
-9.8425393498e-06
0.000365152926197
-0.000121695137002
-6.56169289987e-06
-0.000249985724499
1.97525938895e-05
6.59545049484e-06
3.29097372843e-05
0.000289490912279
0.000108571751203
-4.6033123084e-05
-3.28759796893e-05
-0.000134852280397
7.23811674684e-05
-9.53808502129e-05
-0.000148009423792
0.000388186366536
4.6066880679e-05
-0.000121695137002
0.000414500653326
-2.95951332393e-05
3.29097372843e-05
-9.53808502129e-05
-4.6033123084e-05
0.000148043181387
0.000161200324781
-0.000305895144528
-3.28759796893e-05
0.000108571751203
0.000121728894597
0.000148043181387
0.000289490912279
-8.22237068182e-05
0.000134886037992
-0.000134852280397
-0.000171042864131
0.000200671754965
0.000542791240823
0.000148043181387
-0.000157885720736
0.000338838639407
0.000121728894597
-0.000121695137002
-1.97188362946e-05
-0.000184200007526
0.000312524352618
0.000325681496013
0.000529634097428
-6.56169289987e-06
0.000223705195305
-0.000157885720736
-1.64379898446e-05
6.91003210184e-05
7.23811674684e-05
-0.000124975983452
0.000108571751203
0.000134886037992
-4.27522766341e-05
0.000174357468176
-0.000121695137002
0.000148043181387
0.000134886037992
-5.59094200288e-05
6.59545049484e-06
-8.22237068182e-05
6.91003210184e-05
0.000121728894597
5.92240240737e-05
1.97525938895e-05
0.000506600657089
3.29097372843e-05
0.000125009741047
-9.53808502129e-05
-2.95951332393e-05
0.000351995782802
-5.59094200288e-05
8.22574644131e-05
-9.53808502129e-05
-7.89428603682e-05
-4.27522766341e-05
-0.000144728577342
4.6066880679e-05
-0.000134852280397
0.000276333768884
0.00042765779672
0.000121728894597
4.6066880679e-05
-5.59094200288e-05
0.000223705195305
0.000184233765121
-2.95951332393e-05
0.000263176625489
6.59545049484e-06
0.000223705195305
0.000404624356381
-2.95951332393e-05
-0.000236828581105
5.92240240737e-05
0.000108571751203
-0.000118414290552
-0.000108537993608
-0.000131571433947
0.000276333768884
-0.000161166567186
3.29097372843e-05
-0.000210514294315
-0.000171042864131
7.23811674684e-05
-5.59094200288e-05
-0.000105257147158
-2.95951332393e-05
-0.000105257147158
-0.000121695137002
0.000223705195305
-0.000157885720736
-0.000118414290552
-4.27522766341e-05
0.000161200324781
0.000276333768884
-9.53808502129e-05
-2.95951332393e-05
0.0002368623387
-0.000144728577342
-0.000171042864131
8.55383108631e-05
9.86954542578e-05
8.55383108631e-05
7.23811674684e-05
-0.000249985724499
-3.28084644993e-06
-9.53808502129e-05
-5.59094200288e-05
-0.000118414290552
-8.22237068182e-05
-0.000121695137002
3.29097372843e-05
-0.000105257147158
5.92240240737e-05
-0.000157885720736
-0.000108537993608
3.61905837342e-05
-0.000144728577342
-7.23474098734e-05
-8.22237068182e-05
0.000404624356381
0.000125009741047
0.000378310069592
0.000250019482094
-4.27522766341e-05
0.000200671754965
0.000111852597652
0.000480286370299
0.000111852597652
3.29097372843e-05
5.92240240737e-05
-0.000131571433947
0.000174357468176
-0.000184200007526
0.000108571751203
0.000134886037992
-4.27522766341e-05
-8.22237068182e-05
0.000174357468176
-1.64379898446e-05
9.87629694477e-06
0.000200671754965
0.000187514611571
6.59545049484e-06
0.000134886037992
0.000200671754965
6.59545049484e-06
0.000125009741047
1.97525938895e-05
-4.27522766341e-05
0.000134886037992
0.000200671754965
0.000111852597652
-5.59094200288e-05
-8.22237068182e-05
6.91003210184e-05
9.86954542578e-05
-6.90665634235e-05
1.97525938895e-05
0.000342119485857
0.000197390908516
-7.23474098734e-05
-0.000210514294315
-5.91902664787e-05
-4.27522766341e-05
-4.6033123084e-05
-1.64379898446e-05
-1.97188362946e-05
-6.90665634235e-05
-5.59094200288e-05
-5.59094200288e-05
7.23811674684e-05
5.92240240737e-05
0.0002368623387
0.000161200324781
0.000200671754965
0.000108571751203
-0.000171042864131
-5.59094200288e-05
-0.000131571433947
0.000253300328544
-6.90665634235e-05
-6.90665634235e-05
8.55383108631e-05
-9.21000037629e-05
-9.53808502129e-05
0.000161200324781
-9.53808502129e-05
-0.000144728577342
7.23811674684e-05
9.86954542578e-05
6.91003210184e-05
7.23811674684e-05
-2.95951332393e-05
3.29097372843e-05
-0.000131571433947
9.87629694477e-06
0.00021382889836
4.6066880679e-05
-0.000171042864131
-0.000131571433947
-3.28084644993e-06
0.000148043181387
-0.000184200007526
0.000111852597652
-0.000210514294315
-0.000236828581105
0.000325681496013
0.000134886037992
-9.53808502129e-05
0.000401343509931
9.86954542578e-05
8.55383108631e-05
-2.95951332393e-05
1.97525938895e-05
-9.21000037629e-05
-4.27522766341e-05
-9.21000037629e-05
0.000328962342463
-2.95951332393e-05
-5.59094200288e-05
-2.95951332393e-05
-6.90665634235e-05
1.97525938895e-05
0.00021054805191
0.000174357468176
-8.22237068182e-05
-0.000171042864131
2.30334403395e-05
4.2786034229e-05
-1.97188362946e-05
0.000131605191542
-0.000289457154684
-0.000171042864131
-0.00022367143771
4.6066880679e-05
9.86954542578e-05
-2.95951332393e-05
-8.22237068182e-05
9.87629694477e-06
2.30334403395e-05
-0.000121695137002
-5.26285735788e-05
-6.90665634235e-05
5.92240240737e-05
-0.000108537993608
-2.95951332393e-05
0.000148043181387
0.000148043181387
-0.000131571433947
3.29097372843e-05
0.000187514611571
-0.000197357150921
-1.64379898446e-05
8.55383108631e-05
0.000302648055673
6.59545049484e-06
6.91003210184e-05
-3.28084644993e-06
-5.59094200288e-05
-8.22237068182e-05
9.54146078078e-05
0.000161200324781
-0.000134852280397
-1.64379898446e-05
-0.000105257147158
6.59545049484e-06
0.000187514611571
0.000134886037992
0.000250019482094
0.000161200324781
-5.91902664787e-05
-0.00022367143771
-6.56169289987e-06
8.55383108631e-05
-4.27522766341e-05
7.23811674684e-05
8.55383108631e-05
0.000161200324781
0.000200671754965
-0.000184200007526
0.000226986041755
5.92240240737e-05
-1.64379898446e-05
-6.90665634235e-05
0.000200671754965
0.000299367209223
0.000250019482094
6.59545049484e-06
2.30334403395e-05
-0.000105257147158
0.000125009741047
3.29097372843e-05
-0.000197357150921
0.000125009741047
0.000263176625489
-0.00022367143771
-4.27522766341e-05
0.000148043181387
-6.90665634235e-05
0.000325681496013
7.23811674684e-05
0.000111852597652
0.000276333768884
0.000111852597652
0.00043093864317
0.000187514611571
9.87629694477e-06
1.97525938895e-05
0.000148043181387
-3.28084644993e-06
3.29097372843e-05
-0.000121695137002
-0.000121695137002
0.000187514611571
0.000276333768884
6.59545049484e-06
0.000223705195305
0.000197390908516
-8.22237068182e-05
7.23811674684e-05
4.93477271289e-05
0.00021382889836
-0.000157885720736
0.000108571751203
-1.64379898446e-05
7.23811674684e-05
5.92240240737e-05
0.000226986041755
-0.000131571433947
-0.000171042864131
-9.53808502129e-05
-9.53808502129e-05
0.000200671754965
-6.56169289987e-06
7.23811674684e-05
-0.000210514294315
-8.22237068182e-05
-0.000144728577342
-0.000118414290552
-3.28084644993e-06
-5.59094200288e-05
-0.000197357150921
9.86954542578e-05
-9.53808502129e-05
-7.23474098734e-05
0.000134886037992
0.0002368623387
0.000250019482094
0.000134886037992
-3.28084644993e-06
1.97525938895e-05
3.29097372843e-05
0.000184233765121
0.000174357468176
9.87629694477e-06
9.86954542578e-05
0.000223705195305
8.55383108631e-05
-0.000184200007526
-6.90665634235e-05
9.54146078078e-05
9.87629694477e-06
4.6066880679e-05
0.000148043181387
7.23811674684e-05
0.000223705195305
0.000148043181387
2.30334403395e-05
-0.000210514294315
0.000138166884442
-0.000171042864131
-8.22237068182e-05
8.55383108631e-05
-2.95951332393e-05
-2.95951332393e-05
5.92240240737e-05
-3.28084644993e-06
4.6066880679e-05
-2.95951332393e-05
-0.000148009423792
-0.000210514294315
-6.57857169735e-05
-0.000118414290552
4.6066880679e-05
-9.21000037629e-05
0.000161200324781
-4.27522766341e-05
0.000289490912279
9.54146078078e-05
0.000161200324781
9.86954542578e-05
0.000328962342463
8.55383108631e-05
3.29097372843e-05
-0.000263142867894
-0.000138133126847
-6.90665634235e-05
6.59545049484e-06
8.22574644131e-05
0.000138166884442
3.29097372843e-05
-7.23474098734e-05
-0.000131571433947
0.000263176625489
0.000151324027837
-6.56169289987e-06
0.000302648055673
3.29097372843e-05
-5.59094200288e-05
0.000174357468176
-0.000118414290552
1.97525938895e-05
0.000302648055673
0.000134886037992
3.29097372843e-05
-0.000197357150921
-3.28084644993e-06
0.000121728894597
-0.000131571433947
-0.000171042864131
7.23811674684e-05
0.000161200324781
9.86954542578e-05
4.6066880679e-05
-0.000131571433947
-9.53808502129e-05
0.000174357468176
3.29097372843e-05
-4.27522766341e-05
0.000148043181387
-0.000118414290552
0.000286210065829
9.86954542578e-05
-6.90665634235e-05
0.000493443513694
0.000161200324781
-5.91902664787e-05
-0.000236828581105
-0.000157885720736
0.000532914943878
8.55383108631e-05
3.61905837342e-05
-0.000105257147158
0.000121728894597
-2.95951332393e-05
-0.000157885720736
0.000125009741047
0.000223705195305
-9.53808502129e-05
0.000174357468176
0.000111852597652
0.000134886037992
0.000125009741047
7.23811674684e-05
-3.28759796893e-05
-2.95951332393e-05
0.000226986041755
2.30334403395e-05
-0.000118414290552
-0.000157885720736
-0.000118414290552
6.59545049484e-06
-1.64379898446e-05
0.000289490912279
-0.000171042864131
-6.56169289987e-06
9.87629694477e-06
-2.95951332393e-05
-0.000144728577342
-0.000121695137002
7.23811674684e-05
0.000148043181387
-9.21000037629e-05
0.000174357468176
0.000134886037992
0.000157919478331
-0.000134852280397
0.00021382889836
7.23811674684e-05
-0.000118414290552
-0.000144728577342
3.29097372843e-05
-4.27522766341e-05
-0.000131571433947
-0.000121695137002
0.0002368623387
0.000111852597652
1.97525938895e-05
-0.000108537993608
5.92240240737e-05
-0.000210514294315
-0.000108537993608
-0.000121695137002
-8.22237068182e-05
5.92240240737e-05
-0.000131571433947
2.30334403395e-05
-3.28084644993e-06
-6.90665634235e-05
6.59545049484e-06
0.000174357468176
-6.56169289987e-06
0.000134886037992
-1.97188362946e-05
7.23811674684e-05
-0.000184200007526
-0.000108537993608
-4.27522766341e-05
-0.000108537993608
9.86954542578e-05
-0.000171042864131
-0.000184200007526
0.000351995782802
3.61905837342e-05
5.92240240737e-05
0.000111852597652
-1.97188362946e-05
4.6066880679e-05
-2.95951332393e-05
-0.000144728577342
1.97525938895e-05
0.000161200324781
0.000138166884442
7.23811674684e-05
-0.000171042864131
-6.57857169735e-05
-0.000108537993608
-2.95951332393e-05
7.23811674684e-05
-9.53808502129e-05
-0.000108537993608
-2.95951332393e-05
0.000289490912279
0.000121728894597
5.92240240737e-05
3.29097372843e-05
0.000467129226905
0.000121728894597
-0.000134852280397
7.23811674684e-05
0.000148043181387
0.000315805199068
-5.59094200288e-05
0.000378310069592
-0.000108537993608
-0.000105257147158
0.000111852597652
-1.64379898446e-05
-1.64379898446e-05
-0.000144728577342
-0.000131571433947
-7.89428603682e-05
-4.27522766341e-05
5.92240240737e-05
0.000187514611571
0.000161200324781
6.59545049484e-06
-0.000171042864131
5.92240240737e-05
4.6066880679e-05
0.000148043181387
2.30334403395e-05
0.000197390908516
-0.000105257147158
3.61905837342e-05
8.55383108631e-05
5.92240240737e-05
-2.95951332393e-05
-5.59094200288e-05
-6.57857169735e-05
9.86954542578e-05
0.000148043181387
0.000302648055673
-0.000108537993608
4.6066880679e-05
-8.22237068182e-05
0.000125009741047
-2.95951332393e-05
-4.6033123084e-05
0.000299367209223
-0.00022367143771
6.59545049484e-06
0.000187514611571
-0.000144728577342
-0.000131571433947
-6.90665634235e-05
-3.28759796893e-05
0.000108571751203
-3.28084644993e-06
-6.90665634235e-05
-0.000118414290552
4.6066880679e-05
0.000148043181387
0.000440814940115
9.87629694477e-06
-0.000236828581105
0.000148043181387
0.000315805199068
8.55383108631e-05
0.000378310069592
7.23811674684e-05
4.6066880679e-05
-6.57857169735e-05
-0.000197357150921
-3.28084644993e-06
0.000226986041755
0.000289490912279
-0.000197357150921
9.86954542578e-05
5.92240240737e-05
-0.000171042864131
7.23811674684e-05
-0.000157885720736
0.000134886037992
0.000378310069592
-0.000105257147158
5.92240240737e-05
-7.89428603682e-05
-5.59094200288e-05
-2.95951332393e-05
-0.000108537993608
-2.95951332393e-05
-0.000249985724499
-6.90665634235e-05
0.000200671754965
1.97525938895e-05
0.00021382889836
0.000125009741047
0.000161200324781
-0.000134852280397
-0.000157885720736
-0.000197357150921
-0.00022367143771
-6.57857169735e-05
1.97525938895e-05
9.54146078078e-05
-4.27522766341e-05
-6.90665634235e-05
-6.90665634235e-05
0.000111852597652
-1.64379898446e-05
-6.90665634235e-05
-8.22237068182e-05
0.000125009741047
0.000161200324781
0.000200671754965
-0.000263142867894
-0.000148009423792
4.6066880679e-05
-8.22237068182e-05
4.6066880679e-05
0.000187514611571
9.54146078078e-05
-6.57857169735e-05
-9.53808502129e-05
1.97525938895e-05
-5.59094200288e-05
0.000174357468176
-1.64379898446e-05
-0.000105257147158
0.000276333768884
-0.000144728577342
-0.000134852280397
-0.000157885720736
-5.59094200288e-05
0.000276333768884
-0.000121695137002
0.000315805199068
8.55383108631e-05
0.000108571751203
0.000391467212986
-0.000171042864131
9.86954542578e-05
0.000171076621726
9.86954542578e-05
-0.000105257147158
-0.000134852280397
0.000187514611571
-6.90665634235e-05
7.23811674684e-05
0.000134886037992
-8.22237068182e-05
6.59545049484e-06
-9.53808502129e-05
0.000148043181387
-0.000236828581105
0.000174357468176
-1.64379898446e-05
-2.95951332393e-05
0.000355276629252
-6.56169289987e-06
0.000263176625489
-0.000171042864131
-1.64379898446e-05
9.86954542578e-05
3.29097372843e-05
0.000148043181387
-3.28084644993e-06
-0.000184200007526
-0.000131571433947
-1.97188362946e-05
-0.000184200007526
-8.22237068182e-05
-1.64379898446e-05
3.29097372843e-05
-9.53808502129e-05
5.92240240737e-05
0.000197390908516
-9.53808502129e-05
9.87629694477e-06
3.29097372843e-05
0.000276333768884
0.0002368623387
0.000121728894597
-9.53808502129e-05
0.000161200324781
-0.000144728577342
9.86954542578e-05
0.000200671754965
-4.27522766341e-05
2.96288908343e-05
0.000161200324781
-5.91902664787e-05
1.97525938895e-05
-0.000105257147158
-2.95951332393e-05
0.000121728894597
-5.59094200288e-05
0.000111852597652
0.000125009741047
4.6066880679e-05
-0.000171042864131
-6.90665634235e-05
0.000223705195305
-3.28084644993e-06
0.000121728894597
-0.000144728577342
-6.90665634235e-05
4.6066880679e-05
9.54146078078e-05
6.59545049484e-06
0.000378310069592
1.97525938895e-05
-5.59094200288e-05
-0.00022367143771
-9.53808502129e-05
-9.53808502129e-05
-5.59094200288e-05
0.000315805199068
-0.000210514294315
-6.90665634235e-05
1.97525938895e-05
6.59545049484e-06
0.000286210065829
4.6066880679e-05
-6.56169289987e-06
-6.90665634235e-05
0.000108571751203
-3.28759796893e-05
-5.59094200288e-05
7.23811674684e-05
0.000108571751203
3.29097372843e-05
-6.90665634235e-05
-9.21000037629e-05
0.0002368623387
-0.000157885720736
-5.59094200288e-05
-4.27522766341e-05
1.97525938895e-05
-6.90665634235e-05
-4.27522766341e-05
-2.95951332393e-05
0.000391467212986
0.000200671754965
-1.64379898446e-05
9.54146078078e-05
0.000125009741047
-3.28759796893e-05
3.29097372843e-05
-9.21000037629e-05
0.000148043181387
0.000134886037992
0.000121728894597
0.000338838639407
0.00021054805191
3.29097372843e-05
5.92240240737e-05
4.6066880679e-05
0.000121728894597
9.87629694477e-06
9.86954542578e-05
0.000121728894597
9.54146078078e-05
1.97525938895e-05
-0.000118414290552
-0.000108537993608
-0.000124975983452
0.00021054805191
-5.59094200288e-05
-5.59094200288e-05
-6.90665634235e-05
1.97525938895e-05
0.000302648055673
5.92240240737e-05
0.000263176625489
-0.000157885720736
4.6066880679e-05
4.6066880679e-05
-6.57857169735e-05
0.000121728894597
-4.27522766341e-05
-6.56169289987e-06
-0.000157885720736
-0.000197357150921
-2.95951332393e-05
-9.53808502129e-05
9.87629694477e-06
0.000111852597652
0.000148043181387
-3.28084644993e-06
0.00021054805191
-0.00022367143771
0.000187514611571
0.00021054805191
4.6066880679e-05
1.97525938895e-05
0.000121728894597
-8.22237068182e-05
0.000134886037992
9.86954542578e-05
-0.000249985724499
0.00024014318515
0.000121728894597
7.23811674684e-05
-0.000134852280397
9.54146078078e-05
-6.90665634235e-05
-9.53808502129e-05
-1.64379898446e-05
-0.000121695137002
-5.59094200288e-05
-0.000121695137002
0.000125009741047
7.23811674684e-05
0.000108571751203
3.29097372843e-05
9.86954542578e-05
-2.95951332393e-05
-0.000121695137002
0.000480286370299
-2.95951332393e-05
0.000111852597652
-0.000131571433947
0.000328962342463
-0.000171042864131
0.000134886037992
-4.6033123084e-05
-1.64379898446e-05
-6.56169289987e-06
-0.000157885720736
7.23811674684e-05
-3.28084644993e-06
0.000174357468176
-1.64379898446e-05
4.6066880679e-05
-0.000171042864131
-0.000131571433947
1.97525938895e-05
1.97525938895e-05
0.000134886037992
1.97525938895e-05
0.000250019482094
-6.90665634235e-05
-3.28084644993e-06
0.000125009741047
4.6066880679e-05
-9.53808502129e-05
8.55383108631e-05
8.55383108631e-05
-0.000144728577342
-9.21000037629e-05
0.000121728894597
4.6066880679e-05
-0.000144728577342
8.55383108631e-05
-0.000105257147158
0.000226986041755
-0.000144728577342
0.000138166884442
0.000121728894597
-0.000171042864131
0.000289490912279
1.97525938895e-05
-0.000108537993608
-6.56169289987e-06
6.59545049484e-06
0.000302648055673
-7.89428603682e-05
-0.000131571433947
0.000174357468176
-0.000131571433947
-0.000171042864131
-4.27522766341e-05
-2.95951332393e-05
-4.27522766341e-05
0.000157919478331
-0.000105257147158
-6.90665634235e-05
9.54146078078e-05
-0.000134852280397
-0.000157885720736
-6.90665634235e-05
3.29097372843e-05
-1.64379898446e-05
-0.000171042864131
-0.000131571433947
-0.000108537993608
5.92240240737e-05
-3.94714301841e-05
-7.89428603682e-05
0.000187514611571
0.000108571751203
0.000378310069592
-0.000276300011289
2.30334403395e-05
5.92240240737e-05
-5.59094200288e-05
8.22574644131e-05
9.86954542578e-05
-0.000187480853976
3.29097372843e-05
0.000276333768884
-0.000144728577342
9.86954542578e-05
-0.000108537993608
-0.000210514294315
-6.90665634235e-05
-2.95951332393e-05
-4.27522766341e-05
0.000187514611571
0.0002368623387
5.59431776237e-05
0.000138166884442
0.000226986041755
0.000148043181387
-5.59094200288e-05
0.000121728894597
0.000289490912279
-0.000148009423792
-0.000144728577342
-1.64379898446e-05
0.000148043181387
-3.28084644993e-06
0.000161200324781
-8.22237068182e-05
8.55383108631e-05
-6.90665634235e-05
0.000174357468176
0.000328962342463
-0.000118414290552
-0.000105257147158
8.55383108631e-05
-0.000108537993608
-7.23474098734e-05
-0.000157885720736
0.000161200324781
-9.53808502129e-05
0.000121728894597
8.55383108631e-05
-0.000236828581105
-4.6033123084e-05
4.6066880679e-05
9.87629694477e-06
-0.000197357150921
-0.000118414290552
-0.000121695137002
2.30334403395e-05
5.92240240737e-05
-6.56169289987e-06
2.96288908343e-05
0.000134886037992
6.59545049484e-06
0.000121728894597
0.000404624356381
1.97525938895e-05
-8.22237068182e-05
6.91003210184e-05
-5.59094200288e-05
0.000125009741047
-2.95951332393e-05
2.30334403395e-05
0.000253300328544
-6.90665634235e-05
3.29097372843e-05
1.97525938895e-05
7.23811674684e-05
9.87629694477e-06
6.91003210184e-05
-0.000118414290552
9.86954542578e-05
-4.6033123084e-05
1.97525938895e-05
-0.000105257147158
0.000312524352618
-3.28759796893e-05
-9.53808502129e-05
-3.28084644993e-06
-2.95951332393e-05
0.000223705195305
-0.000171042864131
0.000226986041755
-8.22237068182e-05
0.000148043181387
8.22574644131e-05
-0.000236828581105
0.00021054805191
-0.000171042864131
-1.64379898446e-05
0.000493443513694
5.92240240737e-05
-4.27522766341e-05
-8.22237068182e-05
-6.90665634235e-05
9.54146078078e-05
0.000161200324781
1.97525938895e-05
-8.22237068182e-05
-0.000302614298078
-6.56169289987e-06
-1.97188362946e-05
-9.53808502129e-05
6.59545049484e-06
0.000108571751203
-5.59094200288e-05
-4.27522766341e-05
-0.000134852280397
-9.53808502129e-05
0.000253300328544
0.000184233765121
-0.000197357150921
-2.95951332393e-05
9.86954542578e-05
9.54146078078e-05
3.29097372843e-05
0.000480286370299
0.000391467212986
-9.53808502129e-05
0.000148043181387
5.92240240737e-05
-0.000171042864131
-0.000121695137002
0.000315805199068
3.29097372843e-05
0.000105290904753
-1.97188362946e-05
6.59545049484e-06
0.000273052922434
0.000161200324781
-0.000144728577342
0.000250019482094
-0.000157885720736
5.92240240737e-05
-9.53808502129e-05
-0.000105257147158
0.000121728894597
0.000289490912279
9.86954542578e-05
-6.90665634235e-05
9.86954542578e-05
0.000171076621726
0.00024014318515
8.55383108631e-05
-4.27522766341e-05
0.000200671754965
0.000250019482094
9.87629694477e-06
0.000134886037992
8.55383108631e-05
0.000174357468176
-4.27522766341e-05
-0.000184200007526
-0.000148009423792
0.000148043181387
0.000174357468176
-5.59094200288e-05
6.59545049484e-06
-0.000144728577342
1.97525938895e-05
-8.22237068182e-05
-6.90665634235e-05
4.6066880679e-05
0.0002368623387
9.86954542578e-05
-0.000184200007526
-6.56169289987e-06
-0.000161166567186
-5.59094200288e-05
0.000111852597652
0.000121728894597
-9.53808502129e-05
0.000174357468176
8.55383108631e-05
9.86954542578e-05
6.59545049484e-06
0.000111852597652
0.000121728894597
-0.000144728577342
-0.000184200007526
-5.59094200288e-05
6.59545049484e-06
0.000250019482094
0.000138166884442
6.59545049484e-06
-1.97188362946e-05
-0.000276300011289
-0.000134852280397
-8.22237068182e-05
-0.000263142867894
-2.95951332393e-05
0.000299367209223
-2.95951332393e-05
-9.53808502129e-05
0.000315805199068
-0.000236828581105
-6.90665634235e-05
0.000151324027837
-4.27522766341e-05
8.22574644131e-05
-0.000105257147158
-0.000118414290552
-1.97188362946e-05
0.000187514611571
0.000197390908516
-6.56169289987e-06
0.000286210065829
7.23811674684e-05
9.86954542578e-05
-0.000108537993608
0.000184233765121
9.54146078078e-05
-0.000171042864131
0.000325681496013
1.97525938895e-05
-0.00022367143771
0.000365152926197
0.000134886037992
0.000174357468176
-0.000161166567186
9.54146078078e-05
-0.000171042864131
0.00021054805191
5.92240240737e-05
-6.90665634235e-05
0.000276333768884
-0.000263142867894
8.55383108631e-05
0.000108571751203
-0.000121695137002
-0.00022367143771
0.000134886037992
9.87629694477e-06
-6.90665634235e-05
6.59545049484e-06
-2.95951332393e-05
0.000161200324781
0.000200671754965
0.000111852597652
-0.000236828581105
-0.000161166567186
0.000187514611571
1.97525938895e-05
-8.22237068182e-05
0.000187514611571
-0.000148009423792
0.0002368623387
-5.59094200288e-05
1.97525938895e-05
-0.000121695137002
0.000276333768884
0.000121728894597
5.92240240737e-05
0.000174357468176
4.6066880679e-05
-1.64379898446e-05
0.000404624356381
-8.22237068182e-05
0.000134886037992
-8.22237068182e-05
0.000125009741047
-0.000161166567186
-4.6033123084e-05
7.23811674684e-05
0.000391467212986
0.000111852597652
-0.000124975983452
3.29097372843e-05
-0.000121695137002
-0.000144728577342
-0.000197357150921
-0.000157885720736
0.0002368623387
-0.000161166567186
-9.53808502129e-05
9.54146078078e-05
-8.22237068182e-05
-4.27522766341e-05
0.000174357468176
5.92240240737e-05
-8.22237068182e-05
-0.000121695137002
0.000111852597652
0.000220424348855
3.29097372843e-05
0.000618453254741
0.000223705195305
-2.95951332393e-05
-0.000118414290552
2.96288908343e-05
-9.53808502129e-05
8.55383108631e-05
5.92240240737e-05
4.2786034229e-05
0.000263176625489
-5.59094200288e-05
-0.000184200007526
0.000121728894597
-0.000200637997371
-6.56169289987e-06
0.000108571751203
-0.000108537993608
1.97525938895e-05
0.000338838639407
5.92240240737e-05
7.23811674684e-05
-0.000157885720736
3.29097372843e-05
8.55383108631e-05
4.6066880679e-05
-0.000210514294315
0.000148043181387
-0.00022367143771
-6.56169289987e-06
0.000263176625489
-8.22237068182e-05
-6.56169289987e-06
-0.000121695137002
0.000375029223142
-0.000184200007526
0.000148043181387
-6.90665634235e-05
-4.6033123084e-05
-0.000197357150921
5.92240240737e-05
-5.59094200288e-05
0.000148043181387
8.55383108631e-05
0.000286210065829
-8.22237068182e-05
0.000134886037992
-5.59094200288e-05
0.000263176625489
-0.000276300011289
-4.27522766341e-05
3.29097372843e-05
-5.91902664787e-05
-0.000184200007526
-0.000184200007526
-0.000161166567186
-6.90665634235e-05
-0.000121695137002
0.000312524352618
-6.90665634235e-05
6.59545049484e-06
0.000273052922434
-7.23474098734e-05
0.00021054805191
-4.6033123084e-05
0.000174357468176
0.000174357468176
0.000134886037992
-0.000148009423792
-8.22237068182e-05
0.000121728894597
0.000148043181387
-0.000210514294315
-0.000184200007526
-0.000184200007526
-0.000174323710581
0.000121728894597
0.000223705195305
-6.57857169735e-05
7.23811674684e-05
9.54146078078e-05
4.2786034229e-05
-9.53808502129e-05
-4.6033123084e-05
9.54146078078e-05
1.97525938895e-05
0.000121728894597
-4.27522766341e-05
-0.000210514294315
0.000351995782802
-1.64379898446e-05
-6.90665634235e-05
4.6066880679e-05
-6.56169289987e-06
0.000312524352618
0.000200671754965
-0.000134852280397
6.59545049484e-06
0.000250019482094
0.000148043181387
2.96288908343e-05
0.0002368623387
7.23811674684e-05
0.000388186366536
0.000223705195305
0.000246738635644
-0.000108537993608
0.000144762334937
-3.28759796893e-05
3.29097372843e-05
0.000197390908516
0.000121728894597
0.000417781499776
6.59545049484e-06
-4.6033123084e-05
0.000121728894597
-3.28759796893e-05
-9.53808502129e-05
8.22574644131e-05
1.97525938895e-05
0.000121728894597
-3.28759796893e-05
-8.22237068182e-05
-8.22237068182e-05
0.000161200324781
7.23811674684e-05
0.000171076621726
-3.28084644993e-06
-0.000210514294315
-6.24711129286e-05
-8.22237068182e-05
-6.56169289987e-06
-3.28759796893e-05
-8.55045532681e-05
4.6066880679e-05
4.6066880679e-05
0.000197390908516
-6.56169289987e-06
8.22574644131e-05
3.29097372843e-05
0.000351995782802
3.29097372843e-05
-6.56169289987e-06
-0.000121695137002
2.96288908343e-05
0.000404624356381
-3.28759796893e-05
-5.59094200288e-05
0.00042765779672
0.000263176625489
-0.000184200007526
0.000250019482094
-0.000171042864131
-5.59094200288e-05
-6.90665634235e-05
-0.000148009423792
3.31460404491e-06
-6.56169289987e-06
0.000134886037992
-9.53808502129e-05
4.2786034229e-05
-3.28759796893e-05
5.59431776237e-05
0.000220424348855
-0.000302614298078
0.000223705195305
-0.000184200007526
-0.000108537993608
1.97525938895e-05
0.00021054805191
1.97525938895e-05
0.000161200324781
-9.53808502129e-05
-8.22237068182e-05
-0.000121695137002
6.59545049484e-06
-1.97188362946e-05
-0.000289457154684
0.000223705195305
0.000365152926197
0.000161200324781
-9.53808502129e-05
3.29097372843e-05
-6.90665634235e-05
0.000171076621726
0.000148043181387
-0.000157885720736
-4.6033123084e-05
-1.97188362946e-05
-5.91902664787e-05
0.000131605191542
-6.90665634235e-05
0.000184233765121
0.000148043181387
-4.6033123084e-05
-8.22237068182e-05
0.000134886037992
6.59545049484e-06
0.000174357468176
0.0002368623387
-6.90665634235e-05
-0.000197357150921
0.000157919478331
0.000131605191542
-9.53808502129e-05
-0.000197357150921
-7.23474098734e-05
-6.56169289987e-06
-0.000174323710581
-0.000197357150921
0.000134886037992
1.97525938895e-05
-6.90665634235e-05
4.2786034229e-05
1.64717474396e-05
9.54146078078e-05
-0.000121695137002
8.55383108631e-05
-5.91902664787e-05
-0.000213795140765
-6.56169289987e-06
-0.000151290270242
6.59545049484e-06
0.000223705195305
-0.000210514294315
3.31460404491e-06
-8.22237068182e-05
0.000121728894597
0.000414500653326
0.000121728894597
6.59545049484e-06
1.97525938895e-05
-7.23474098734e-05
-0.000263142867894
-0.000213795140765
4.2786034229e-05
0.000299367209223
0.000223705195305
7.23811674684e-05
3.31460404491e-06
-1.97188362946e-05
4.6066880679e-05
0.000161200324781
4.6066880679e-05
3.29097372843e-05
-3.28759796893e-05
-9.53808502129e-05
-0.000161166567186
0.000148043181387
-0.000276300011289
3.29097372843e-05
-6.90665634235e-05
-0.000200637997371
0.000273052922434
-0.000174323710581
-9.53808502129e-05
1.97525938895e-05
2.96288908343e-05
-0.000171042864131
-0.000121695137002
-8.55045532681e-05
-0.000210514294315
0.000223705195305
0.000299367209223
0.000171076621726
0.000263176625489
-0.000121695137002
-5.59094200288e-05
0.00021054805191
-0.000121695137002
1.97525938895e-05
-0.000108537993608
3.29097372843e-05
-3.28759796893e-05
-8.22237068182e-05
0.000121728894597
-0.000276300011289
-0.000134852280397
8.22574644131e-05
2.96288908343e-05
0.000348714936352
0.000503319810639
0.000131605191542
0.000263176625489
6.91003210184e-05
0.000134886037992
-9.53808502129e-05
2.96288908343e-05
0.000325681496013
5.92240240737e-05
9.86954542578e-05
6.91003210184e-05
-9.53808502129e-05
0.000184233765121
-0.000148009423792
0.000161200324781
-8.22237068182e-05
-6.56169289987e-06
-0.000174323710581
-0.000111818840058
1.97525938895e-05
-0.00022367143771
0.000171076621726
7.23811674684e-05
0.000148043181387
8.22574644131e-05
-0.000108537993608
-0.000197357150921
-0.000161166567186
-0.000144728577342
-0.000249985724499
-0.000236828581105
3.95051877791e-05
0.000187514611571
0.000138166884442
-8.22237068182e-05
-9.86616966628e-05
4.2786034229e-05
8.22574644131e-05
6.91003210184e-05
2.96288908343e-05
0.000250019482094
8.22574644131e-05
-5.91902664787e-05
-6.56169289987e-06
0.000246738635644
0.000121728894597
-0.000263142867894
4.6066880679e-05
-6.56169289987e-06
0.000312524352618
0.000157919478331
5.59431776237e-05
0.000707272412054
0.000223705195305
5.59431776237e-05
-6.56169289987e-06
-4.93139695339e-05
-0.000276300011289
-0.000161166567186
0.000467129226905
-0.000108537993608
-8.22237068182e-05
-8.55045532681e-05
-0.000121695137002
-0.000276300011289
-2.29996827445e-05
0.000197390908516
0.000184233765121
-3.28759796893e-05
6.59545049484e-06
0.000467129226905
0.000131605191542
-6.90665634235e-05
-0.000124975983452
-6.56169289987e-06
6.59545049484e-06
-6.56169289987e-06
-7.23474098734e-05
0.000312524352618
8.22574644131e-05
-0.000184200007526
0.000338838639407
0.000582262671007
-0.000144728577342
0.000273052922434
-6.56169289987e-06
-7.23474098734e-05
-8.22237068182e-05
4.6066880679e-05
3.29097372843e-05
-0.000161166567186
-4.6033123084e-05
3.29097372843e-05
6.59545049484e-06
-9.8425393498e-06
-0.000134852280397
-4.6033123084e-05
-0.00022695228416
-1.97188362946e-05
0.000220424348855
-0.000148009423792
0.000118448048147
-0.000187480853976
0.000105290904753
7.23811674684e-05
-0.000253266570949
-6.56169289987e-06
-0.000148009423792
0.000121728894597
0.000121728894597
-7.23474098734e-05
-1.97188362946e-05
-9.53808502129e-05
-3.28759796893e-05
6.59545049484e-06
1.97525938895e-05
1.97525938895e-05
-5.59094200288e-05
1.64717474396e-05
-0.000121695137002
-0.000315771441473
-8.22237068182e-05
-9.8425393498e-06
1.64717474396e-05
1.97525938895e-05
-0.000236828581105
-1.97188362946e-05
0.000157919478331
-6.90665634235e-05
3.29097372843e-05
-0.000134852280397
8.22574644131e-05
0.000273052922434
-0.000187480853976
-0.000249985724499
-0.000197357150921
0.000273052922434
-2.29996827445e-05
-4.6033123084e-05
0.000144762334937
-0.000200637997371
-0.000164447413636
-0.000253266570949
-5.91902664787e-05
0.000144762334937
-0.000138133126847
-2.62805291944e-05
-0.00022695228416
-0.000111818840058
-0.000124975983452
-9.8425393498e-06
-0.000101942543113
3.62243413292e-05
-2.62805291944e-05
6.25386281186e-05
-0.000131537676352
5.26960887688e-05
0.000519791558078
-0.000134818522802
9.87292118528e-05
3.34836163988e-06
-0.000266389956749
-0.000598633145662
0.000151391543027
0.000444163301755
-0.00022032307607
-0.000299265936438
0.000335625308147
0.000536297063113
-2.94938604544e-05
0.000569206800397
-0.000266322441559
-0.0006544750505
-6.89315330436e-05
0.000158054508711
-9.5245819833e-05
0.000822574644131
-0.000157683175167
-8.86166117432e-05
0.000339041184977
0.000118684351312
-9.51107894531e-05
0.000904899623735
0.000174661286531
0.000141785306842
-4.56955471343e-05
-0.00025620984145
0.000385344368821
-0.000167289411352
0.00142157912334
-7.84364964437e-05
0.000158459599851
-0.000739540755034
0.00142171415372
0.00101715731253
-0.00103214372579
-0.00116368140214
0.000981101759172
-0.000456307717301
-0.00148584574854
-0.00162722596424
0.000530781855657
0.00129403120293
0.00168221756947
0.000452075298454
0.000165932747815
0.000340391488776
0.00162336487894
-0.000534440395389
0.00282766546949
-0.000228207674912
0.000998856295221
-0.00217546489733
-0.00115871267594
-0.000865839644428
0.00306205714402
0.00313788794591
-0.00111203815855
0.00150660471054
0.00142776312296
0.000763513048295
-0.00347640172885
0.00656006177474
0.000517483322145
-0.000636963177354
0.00436667355339
0.00297894937999
0.00123233015495
-0.0010733157552
0.00396644404409
-0.0011549655829
0.00592766859218
0.00410883698764
0.00277364011504
0.00953404242854
0.000856619420169
0.00060375794036
-0.00411306108785
0.00368357598016
0.000973406986425
0.000793061704464
-0.00212765534119
0.00136612323043
0.00275489388926
0.00772267761222
-0.000803387610712
-0.00123726952438
0.00446738174387
0.000132356177276
0.00549512426283
0.000498623104107
-0.00548114665961
0.0021347062777
-0.00015098449298
0.0033627154605
0.00978147089446
0.000814928307361
0.00731567114498
0.000437833511189
0.00783349840281
0.00269916793559
0.00852240228237
-0.00744458453059
0.00974756946745
0.00236996293023
0.0064266566701
-0.00194463489058
0.00856653226066
0.00385627492536
-0.00455770139676
0.0169632878085
0.00541801263124
-0.000791922747897
0.000406153725705
0.00600585166515
0.0127767379123
-0.00375275897777
-0.00601819079064
0.0180020480229
-0.00224375111825
0.00761547916184
0.00534047487038
0.00910402551798
-0.00850736791615
0.00448698218707
-0.00102200616975
-9.02858952968e-05
-0.00113575555245
0.00580228507567
-0.00664082166852
0.00153094589542
0.00485706372213
0.00395970476155
0.00486494196124
0.0162042327217
0.00051040010392
-0.00424933998889
-0.00391621910251
0.00105136207488
0.00929875789514
-0.00161872785197
-0.00193368911116
0.00315237387197
0.00663603984347
-0.0152028201339
-0.00328461506411
-0.00580699938552
-0.00130035707568
0.0128875396237
-0.00788528792037
-0.0107243888959
-0.00741193457651
-0.00114812159278
0.00442746266329
-0.00102317936692
-0.00690807464435
-0.00658621411631
-0.00202636935378
-0.0020203140248
0.00461490975967
0.000525880161631
-0.00244496103583
-0.0222020490863
-0.00404086386975
-0.0108509177287
-0.00138971635452
-0.0131240252351
0.00539899830361
0.000441259665569
0.00472737635377
-0.00281267953925
-0.00712233603171
-0.0169819038878
-0.00102127622213
-0.00428472039035
-0.00503893738055
7.87187936607e-05
-0.00589211988577
-0.00666544807556
-0.00529466825593
-0.0128907010842
-0.0112994969157
-0.0043786707021
-0.0110307375676
-0.00839017525876
-0.0236734969791
-0.00919059416002
-0.0239053842319
-0.00785661256084
-0.00342975705124
0.00147109319652
-0.00834240777885
-0.0193107265873
-0.0183540423298
-0.000992499589815
-0.00560206341302
-0.0103627149609
-0.0123566804583
-0.0022750277715
-0.00109832425635
-0.00360913804133
-0.0161462352146
-0.00590997765351
-0.00865741747402
-0.00566147726319
-0.0105045213059
-0.00271231284253
0.00761289890624
-0.0217303327443
0.00114100853478
0.00077819124237
-0.00442960063536
-0.0111673070845
-0.00411193240883
-0.0115137539022
-0.00820542436914
0.00103728319887
-0.00365031202964
0.000283133723855
-0.00560253797826
-0.0064811570728
-0.0109326326297
0.00228410612263
-0.00108811234236
-0.00220369504839
-0.00123388740515
-0.00698115591965
-0.00438300831154
-0.00479125109032
-0.00657818568543
-0.00015749970881
-0.0028322545435
-0.0047701080753
-0.00598431872039
0.00218308775405
0.003041346618
0.000560735602966
0.00015567239785
-0.00172309214026
-0.00427615183794
-0.00222035662192
-0.00509233357715
-0.006872402661
-0.00502400968082
-0.000767656913832
-0.000905958828654
-0.00038981945057
-0.000883465509834
-0.00238375119038
0.00288908373724
-0.00344017738752
-0.00515425820882
0.00140828058983
0.000384899160349
0.000282922859641
-0.0073721314471
-0.00144120304659
0.00057830031292
-0.00186260296876
0.00038067310124
-0.00417876657015
0.000900194598558
1.19017526431e-05
0.000636747912309
-0.000439059545177
-0.000741808873635
0.00084695838827
0.00304433636557
-0.000396611086897
-0.00153488965731
-0.0020152435428
-0.000844325295862
-0.00122598372709
-0.00069638338726
-0.000624069734982
0.000971292977418
0.00109944853453
-0.00140713919133
-0.000367724863152
0.000290132306583
-0.000996088172433
0.000125583620162
0.000625521311566
-0.00118038945274
-0.000252827722215
-0.000578475460632
-0.000627890702951
-0.000292366667589
0.000204290177365
0.000826024278556
-6.22010521689e-05
3.03818354744e-07
-0.000963549768694
-0.000720159494689
-0.00105568353005
-0.000976774427278
-6.23023249538e-05
-0.000223502649735
-0.000378141281617
-0.000282726673809
-0.000114998413723
-0.000361703291772
-0.000253165298164
-0.000529465309453
-0.000792675692537
0.000105358419943
-0.000555813353838
-6.89990482335e-05
-0.000700575688774
-3.61230685442e-05
-0.000374927950357
-0.000141380215702
-0.000230199373015
0.000184267522716
0.000246772393239
-0.000124942225857
0.000454005841105
-0.000256547417399
-6.5279353049e-06
5.26623311738e-05
-0.000332209431318
-0.000345366574712
0.000128324345092
0.000134886037992
-0.000276300011289
0.000184233765121
-0.000101942543113
-0.000138133126847
-0.000213795140765
-9.8425393498e-06
0.000157919478331
0.000414500653326
-3.28759796893e-05
0.000309243506168
-1.97188362946e-05
-4.6033123084e-05
-0.000148009423792
-4.27522766341e-05
-4.27522766341e-05
0.000134886037992
0.000148043181387
-9.53808502129e-05
0.000250019482094
-5.91902664787e-05
0.000108571751203
-1.97188362946e-05
-5.59094200288e-05
-0.000187480853976
-0.000171042864131
-0.000134852280397
-0.000118414290552
-0.00022367143771
5.92240240737e-05
-0.000121695137002
9.54146078078e-05
1.97525938895e-05
0.000174357468176
-0.000171042864131
8.55383108631e-05
-0.000144728577342
-2.95951332393e-05
-1.64379898446e-05
-0.00022367143771
0.000174357468176
-5.59094200288e-05
0.000276333768884
-9.53808502129e-05
0.000338838639407
8.22574644131e-05
0.000338838639407
-8.22237068182e-05
0.000161200324781
-0.000144728577342
-1.64379898446e-05
0.000365152926197
-0.000108537993608
-5.59094200288e-05
3.29097372843e-05
-5.59094200288e-05
-6.90665634235e-05
0.000289490912279
0.000125009741047
-0.000157885720736
5.92240240737e-05
0.000250019482094
8.55383108631e-05
9.86954542578e-05
-3.28084644993e-06
-6.56169289987e-06
-8.22237068182e-05
-8.22237068182e-05
9.86954542578e-05
0.000111852597652
-6.90665634235e-05
0.000302648055673
0.000223705195305
-0.000171042864131
-0.000108537993608
4.6066880679e-05
-0.000118414290552
-0.000171042864131
0.000226986041755
0.000148043181387
8.55383108631e-05
0.000134886037992
0.000121728894597
-2.95951332393e-05
-2.95951332393e-05
7.23811674684e-05
5.92240240737e-05
0.000174357468176
-0.000171042864131
0.000148043181387
-1.64379898446e-05
-8.22237068182e-05
9.86954542578e-05
3.29097372843e-05
-7.89428603682e-05
-3.28084644993e-06
2.30334403395e-05
-1.64379898446e-05
9.87629694477e-06
9.87629694477e-06
2.30334403395e-05
-0.000197357150921
-2.95951332393e-05
-3.28084644993e-06
-1.64379898446e-05
9.86954542578e-05
-0.000118414290552
-0.000105257147158
-0.000197357150921
-8.22237068182e-05
-8.22237068182e-05
-0.000118414290552
0.000342119485857
0.000138166884442
4.6066880679e-05
3.61905837342e-05
9.87629694477e-06
8.55383108631e-05
-5.59094200288e-05
4.6066880679e-05
0.000111852597652
4.6066880679e-05
0.000506600657089
8.55383108631e-05
-0.000118414290552
7.23811674684e-05
-2.95951332393e-05
-0.000118414290552
-8.22237068182e-05
9.87629694477e-06
8.55383108631e-05
-0.000131571433947
-3.94714301841e-05
-2.95951332393e-05
-5.26285735788e-05
0.000404624356381
0.00045397208351
0.000111852597652
-4.27522766341e-05
9.86954542578e-05
3.29097372843e-05
-4.27522766341e-05
0.000200671754965
5.92240240737e-05
-0.000144728577342
0.000161200324781
0.000161200324781
-0.000131571433947
-0.000118414290552
-5.59094200288e-05
2.30334403395e-05
0.00024014318515
-1.64379898446e-05
-1.97188362946e-05
9.87629694477e-06
-5.59094200288e-05
7.23811674684e-05
-6.57857169735e-05
-4.27522766341e-05
0.000200671754965
-0.000157885720736
-0.000171042864131
-0.000131571433947
7.23811674684e-05
-0.000171042864131
-6.90665634235e-05
0.000174357468176
0.000266457471939
0.000121728894597
9.86954542578e-05
-2.95951332393e-05
-9.21000037629e-05
-1.64379898446e-05
9.86954542578e-05
9.87629694477e-06
-0.000210514294315
2.30334403395e-05
-6.57857169735e-05
-0.000144728577342
-0.000105257147158
-4.27522766341e-05
0.000187514611571
-0.000131571433947
9.87629694477e-06
-1.64379898446e-05
0.000151324027837
-5.26285735788e-05
-6.57857169735e-05
-0.000144728577342
9.87629694477e-06
0.00021382889836
0.000174357468176
-9.21000037629e-05
0.000111852597652
-0.000144728577342
0.000151324027837
9.86954542578e-05
9.54146078078e-05
2.30334403395e-05
-1.64379898446e-05
-0.000105257147158
-0.000105257147158
3.29097372843e-05
4.6066880679e-05
4.6066880679e-05
-5.59094200288e-05
-1.64379898446e-05
9.86954542578e-05
-5.26285735788e-05
-0.000197357150921
-3.28084644993e-06
-0.000121695137002
-7.89428603682e-05
7.23811674684e-05
3.61905837342e-05
8.55383108631e-05
-2.95951332393e-05
-6.90665634235e-05
0.000111852597652
-2.95951332393e-05
-0.000105257147158
-1.64379898446e-05
0.000138166884442
-5.59094200288e-05
0.000355276629252
-6.57857169735e-05
-2.95951332393e-05
-0.000105257147158
0.000226986041755
7.23811674684e-05
-0.000144728577342
-3.94714301841e-05
4.93477271289e-05
9.87629694477e-06
-0.000131571433947
-5.26285735788e-05
-6.57857169735e-05
2.30334403395e-05
-6.57857169735e-05
0.000151324027837
-7.89428603682e-05
6.25048705236e-05
-0.000131571433947
0.000164481171231
4.6066880679e-05
-0.000105257147158
-0.000118414290552
-7.89428603682e-05
-4.27522766341e-05
1.97525938895e-05
-0.000108537993608
3.61905837342e-05
-1.64379898446e-05
-0.000105257147158
-0.000118414290552
-5.59094200288e-05
-0.000171042864131
0.000226986041755
-1.64379898446e-05
-5.26285735788e-05
-0.000157885720736
-6.57857169735e-05
-0.000118414290552
-0.000105257147158
-1.64379898446e-05
-0.000105257147158
-0.000131571433947
-0.000105257147158
9.87629694477e-06
-6.57857169735e-05
-1.64379898446e-05
0.00021382889836
9.86954542578e-05
0.000125009741047
-8.22237068182e-05
0.000138166884442
-6.90665634235e-05
0.00024014318515
-1.64379898446e-05
-0.000105257147158
-5.59094200288e-05
-5.59094200288e-05
-0.000131571433947
-2.95951332393e-05
0.000174357468176
-9.53808502129e-05
-6.57857169735e-05
-0.000108537993608
9.86954542578e-05
-0.000157885720736
3.29097372843e-05
-0.000118414290552
7.56620139183e-05
0.00021382889836
2.30334403395e-05
-5.59094200288e-05
-1.64379898446e-05
8.8819157313e-05
-6.57857169735e-05
0.000125009741047
-2.95951332393e-05
3.29097372843e-05
9.87629694477e-06
-1.64379898446e-05
-6.57857169735e-05
-0.000131571433947
4.6066880679e-05
5.92240240737e-05
-7.89428603682e-05
-0.000144728577342
-0.000118414290552
-9.21000037629e-05
0.000151324027837
-1.64379898446e-05
-6.57857169735e-05
-9.21000037629e-05
-0.000105257147158
0.000125009741047
-0.000105257147158
-0.000157885720736
5.92240240737e-05
9.87629694477e-06
-9.21000037629e-05
0.000138166884442
-4.27522766341e-05
-2.95951332393e-05
6.25048705236e-05
-2.95951332393e-05
-5.26285735788e-05
0.000138166884442
3.29097372843e-05
-0.000118414290552
-1.64379898446e-05
-3.28084644993e-06
7.23811674684e-05
4.6066880679e-05
0.000125009741047
-2.95951332393e-05
0.000151324027837
5.92240240737e-05
-9.21000037629e-05
0.000111852597652
0.000266457471939
-3.28084644993e-06
-1.64379898446e-05
2.30334403395e-05
4.93477271289e-05
0.000151324027837
-3.28084644993e-06
0.000187514611571
-6.57857169735e-05
8.55383108631e-05
5.92240240737e-05
-5.26285735788e-05
-5.59094200288e-05
-7.89428603682e-05
-0.000105257147158
0.000125009741047
-3.28084644993e-06
9.86954542578e-05
0.000174357468176
-5.26285735788e-05
0.000125009741047
0.000111852597652
7.56620139183e-05
8.55383108631e-05
-7.89428603682e-05
4.93477271289e-05
-9.21000037629e-05
-0.000157885720736
0.000164481171231
-4.27522766341e-05
0.000187514611571
0.000164481171231
-7.89428603682e-05
4.93477271289e-05
-9.21000037629e-05
-5.26285735788e-05
-2.95951332393e-05
-0.000105257147158
-0.000118414290552
-1.64379898446e-05
-0.000184200007526
-0.000131571433947
0.000138166884442
-4.27522766341e-05
3.61905837342e-05
5.92240240737e-05
0.000263176625489
0.000164481171231
-6.57857169735e-05
7.23811674684e-05
0.000138166884442
-9.21000037629e-05
-6.57857169735e-05
9.87629694477e-06
2.30334403395e-05
-5.59094200288e-05
-7.89428603682e-05
-7.89428603682e-05
-6.57857169735e-05
-9.21000037629e-05
0.000138166884442
-5.26285735788e-05
0.000125009741047
-2.63142867894e-05
-0.000171042864131
-5.26285735788e-05
-0.000118414290552
-2.95951332393e-05
0.000151324027837
-9.21000037629e-05
-7.89428603682e-05
-5.26285735788e-05
-7.89428603682e-05
2.30334403395e-05
0.00021382889836
0.000138166884442
-3.28084644993e-06
0.000467129226905
-5.26285735788e-05
0.000125009741047
-1.64379898446e-05
-4.27522766341e-05
-7.89428603682e-05
-3.28084644993e-06
6.25048705236e-05
-6.57857169735e-05
-0.000105257147158
0.00021382889836
-9.21000037629e-05
-3.94714301841e-05
-5.26285735788e-05
-5.26285735788e-05
-5.26285735788e-05
8.8819157313e-05
-0.000105257147158
-0.000118414290552
7.23811674684e-05
3.61905837342e-05
-3.28084644993e-06
3.61905837342e-05
-0.000131571433947
-5.26285735788e-05
-1.64379898446e-05
9.87629694477e-06
0.000289490912279
-3.28084644993e-06
0.000190795458021
-9.21000037629e-05
-5.26285735788e-05
6.25048705236e-05
0.00024014318515
-2.63142867894e-05
0.000151324027837
-2.63142867894e-05
4.93477271289e-05
4.93477271289e-05
-6.57857169735e-05
4.93477271289e-05
-7.89428603682e-05
-3.94714301841e-05
-5.26285735788e-05
4.93477271289e-05
-9.21000037629e-05
-0.000105257147158
4.93477271289e-05
-1.64379898446e-05
-7.89428603682e-05
-7.89428603682e-05
0.000151324027837
-0.000105257147158
-6.57857169735e-05
3.61905837342e-05
-9.21000037629e-05
-6.57857169735e-05
-5.26285735788e-05
-5.26285735788e-05
6.25048705236e-05
-9.21000037629e-05
-0.000105257147158
3.61905837342e-05
-5.26285735788e-05
7.56620139183e-05
4.93477271289e-05
-3.28084644993e-06
-0.000105257147158
-7.89428603682e-05
-9.21000037629e-05
-6.57857169735e-05
-3.28084644993e-06
-6.57857169735e-05
-6.57857169735e-05
-5.26285735788e-05
-7.89428603682e-05
9.87629694477e-06
0.000125009741047
-2.95951332393e-05
-0.000105257147158
-0.000105257147158
3.61905837342e-05
3.61905837342e-05
0.000151324027837
-0.000118414290552
7.23811674684e-05
2.30334403395e-05
0.000125009741047
0.000125009741047
9.86954542578e-05
9.87629694477e-06
3.61905837342e-05
-2.95951332393e-05
0.00021382889836
-3.28084644993e-06
0.000111852597652
4.93477271289e-05
-9.21000037629e-05
4.93477271289e-05
0.000138166884442
-2.63142867894e-05
-1.64379898446e-05
0.000151324027837
4.93477271289e-05
-6.57857169735e-05
-6.57857169735e-05
0.000151324027837
-7.89428603682e-05
0.000151324027837
-6.57857169735e-05
0.000125009741047
4.93477271289e-05
-7.89428603682e-05
2.30334403395e-05
-0.000157885720736
6.25048705236e-05
-6.57857169735e-05
-0.000105257147158
-5.26285735788e-05
-5.26285735788e-05
0.00024014318515
-3.94714301841e-05
-0.000118414290552
-0.000144728577342
8.8819157313e-05
0.000164481171231
9.87629694477e-06
2.30334403395e-05
9.86954542578e-05
-2.63142867894e-05
0.000125009741047
6.25048705236e-05
4.93477271289e-05
9.86954542578e-05
-2.63142867894e-05
0.000111852597652
9.87629694477e-06
7.56620139183e-05
6.25048705236e-05
-2.95951332393e-05
3.61905837342e-05
-6.57857169735e-05
-9.21000037629e-05
-0.000118414290552
-1.64379898446e-05
-0.000118414290552
-3.94714301841e-05
-2.63142867894e-05
-0.000105257147158
0.000253300328544
-5.26285735788e-05
-3.28084644993e-06
-3.94714301841e-05
-0.000105257147158
3.61905837342e-05
-6.57857169735e-05
-7.89428603682e-05
-1.31571433947e-05
0.000164481171231
-3.28084644993e-06
-6.57857169735e-05
-7.89428603682e-05
-3.94714301841e-05
-3.94714301841e-05
-7.89428603682e-05
3.61905837342e-05
-5.26285735788e-05
0.000342119485857
4.93477271289e-05
-9.21000037629e-05
6.25048705236e-05
0.000151324027837
-2.63142867894e-05
7.56620139183e-05
-7.89428603682e-05
-5.26285735788e-05
-6.57857169735e-05
-0.000144728577342
0.000177638314626
3.61905837342e-05
0.000111852597652
0.000125009741047
0.000279614615334
0.000138166884442
4.93477271289e-05
0.000177638314626
0.000125009741047
-6.57857169735e-05
9.86954542578e-05
-6.57857169735e-05
3.61905837342e-05
0.000203952601415
-9.21000037629e-05
-2.63142867894e-05
-5.26285735788e-05
6.25048705236e-05
3.61905837342e-05
3.61905837342e-05
4.93477271289e-05
-7.89428603682e-05
4.93477271289e-05
-5.26285735788e-05
3.61905837342e-05
0.00024014318515
0.000164481171231
-6.57857169735e-05
9.87629694477e-06
-6.57857169735e-05
-7.89428603682e-05
-9.21000037629e-05
3.61905837342e-05
-5.26285735788e-05
9.87629694477e-06
3.61905837342e-05
6.25048705236e-05
-3.28084644993e-06
-9.21000037629e-05
-2.63142867894e-05
-2.63142867894e-05
2.30334403395e-05
-1.31571433947e-05
-7.89428603682e-05
-5.26285735788e-05
-5.26285735788e-05
7.56620139183e-05
2.30334403395e-05
-5.26285735788e-05
-3.94714301841e-05
-6.57857169735e-05
9.87629694477e-06
-1.31571433947e-05
0.000151324027837
-5.26285735788e-05
8.8819157313e-05
8.8819157313e-05
-0.000131571433947
0.000151324027837
-0.000105257147158
0.000138166884442
4.93477271289e-05
-7.89428603682e-05
-3.94714301841e-05
-5.26285735788e-05
6.25048705236e-05
7.56620139183e-05
0.000125009741047
3.61905837342e-05
2.30334403395e-05
6.25048705236e-05
6.25048705236e-05
4.93477271289e-05
-3.94714301841e-05
-7.89428603682e-05
-6.57857169735e-05
-1.64379898446e-05
3.61905837342e-05
-2.63142867894e-05
7.56620139183e-05
9.87629694477e-06
-2.63142867894e-05
0.000253300328544
-2.63142867894e-05
-4.27522766341e-05
-6.57857169735e-05
-0.000144728577342
6.25048705236e-05
-3.94714301841e-05
7.56620139183e-05
-5.26285735788e-05
4.93477271289e-05
-6.57857169735e-05
-0.000105257147158
6.25048705236e-05
0.000266457471939
0.000177638314626
2.30334403395e-05
-6.57857169735e-05
4.93477271289e-05
-0.000131571433947
-7.89428603682e-05
-3.94714301841e-05
-7.89428603682e-05
9.87629694477e-06
4.93477271289e-05
-1.31571433947e-05
-2.63142867894e-05
-7.89428603682e-05
6.25048705236e-05
4.93477271289e-05
-3.28084644993e-06
-0.000105257147158
2.30334403395e-05
0.000177638314626
-3.94714301841e-05
-3.94714301841e-05
-3.28084644993e-06
-7.89428603682e-05
7.56620139183e-05
-2.63142867894e-05
-7.89428603682e-05
-3.94714301841e-05
-1.64379898446e-05
0.0
2.30334403395e-05
0.000190795458021
-3.28084644993e-06
-2.63142867894e-05
4.93477271289e-05
-7.89428603682e-05
-6.57857169735e-05
-5.26285735788e-05
0.000138166884442
-1.31571433947e-05
-1.31571433947e-05
-6.57857169735e-05
-0.000105257147158
-7.89428603682e-05
-9.21000037629e-05
2.30334403395e-05
-7.89428603682e-05
-2.63142867894e-05
-7.89428603682e-05
-6.57857169735e-05
-5.26285735788e-05
3.61905837342e-05
-2.63142867894e-05
0.000101976300708
-5.26285735788e-05
-5.26285735788e-05
0.000125009741047
-6.57857169735e-05
-2.63142867894e-05
-5.26285735788e-05
-3.94714301841e-05
-6.57857169735e-05
-2.63142867894e-05
-2.63142867894e-05
-5.26285735788e-05
0.000164481171231
-3.94714301841e-05
-5.26285735788e-05
7.56620139183e-05
0.0
7.56620139183e-05
-1.31571433947e-05
-3.94714301841e-05
6.25048705236e-05
7.56620139183e-05
-2.63142867894e-05
-5.26285735788e-05
-1.31571433947e-05
-3.94714301841e-05
-3.94714301841e-05
-5.26285735788e-05
4.93477271289e-05
0.000151324027837
7.56620139183e-05
-5.26285735788e-05
6.25048705236e-05
-5.26285735788e-05
-7.89428603682e-05
-1.31571433947e-05
6.25048705236e-05
-6.57857169735e-05
0.000266457471939
-0.000105257147158
-0.000105257147158
6.25048705236e-05
-7.89428603682e-05
7.56620139183e-05
-6.57857169735e-05
2.30334403395e-05
-3.94714301841e-05
8.8819157313e-05
-5.26285735788e-05
-6.57857169735e-05
3.61905837342e-05
4.93477271289e-05
-3.94714301841e-05
0.000101976300708
-2.63142867894e-05
6.25048705236e-05
0.000125009741047
-2.63142867894e-05
0.000101976300708
-6.57857169735e-05
-3.94714301841e-05
4.93477271289e-05
3.61905837342e-05
-6.57857169735e-05
-5.26285735788e-05
0.000151324027837
-1.31571433947e-05
-3.94714301841e-05
6.25048705236e-05
-2.63142867894e-05
0.000101976300708
3.61905837342e-05
-2.63142867894e-05
4.93477271289e-05
6.25048705236e-05
-3.94714301841e-05
-1.31571433947e-05
-2.63142867894e-05
-2.63142867894e-05
-6.57857169735e-05
7.56620139183e-05
7.56620139183e-05
-3.94714301841e-05
7.56620139183e-05
-5.26285735788e-05
-3.94714301841e-05
-2.63142867894e-05
-5.26285735788e-05
-9.21000037629e-05
-2.63142867894e-05
-5.26285735788e-05
0.000101976300708
8.8819157313e-05
-2.63142867894e-05
-7.89428603682e-05
-9.21000037629e-05
-2.63142867894e-05
-7.89428603682e-05
-5.26285735788e-05
-3.94714301841e-05
8.8819157313e-05
7.56620139183e-05
-5.26285735788e-05
-2.63142867894e-05
-2.63142867894e-05
7.56620139183e-05
7.56620139183e-05
-7.89428603682e-05
-1.31571433947e-05
-3.94714301841e-05
-2.63142867894e-05
-3.94714301841e-05
-7.89428603682e-05
-1.31571433947e-05
8.8819157313e-05
-3.94714301841e-05
-1.31571433947e-05
0.000151324027837
0.000253300328544
8.8819157313e-05
0.000177638314626
4.93477271289e-05
-6.57857169735e-05
0.000101976300708
0.000125009741047
7.56620139183e-05
-1.31571433947e-05
-6.57857169735e-05
-1.31571433947e-05
-7.89428603682e-05
-3.94714301841e-05
-6.57857169735e-05
0.000125009741047
6.25048705236e-05
-5.26285735788e-05
8.8819157313e-05
7.56620139183e-05
-9.21000037629e-05
-3.94714301841e-05
-5.26285735788e-05
2.30334403395e-05
7.56620139183e-05
-2.63142867894e-05
0.000101976300708
-7.89428603682e-05
7.56620139183e-05
8.8819157313e-05
-3.94714301841e-05
9.87629694477e-06
-1.31571433947e-05
-2.63142867894e-05
-9.21000037629e-05
-2.63142867894e-05
0.000190795458021
-7.89428603682e-05
-3.94714301841e-05
-3.94714301841e-05
-3.94714301841e-05
-2.63142867894e-05
0.0
