-1.313125e-02 0.000000e+00 0.000000e+00
-8.356250e-03 0.000000e+00 0.000000e+00
-3.581250e-03 0.000000e+00 0.000000e+00
1.193750e-03 0.000000e+00 0.000000e+00
5.968750e-03 0.000000e+00 0.000000e+00
1.074375e-02 0.000000e+00 0.000000e+00
1.551875e-02 0.000000e+00 0.000000e+00
2.029375e-02 0.000000e+00 0.000000e+00
2.506875e-02 0.000000e+00 0.000000e+00
2.984375e-02 0.000000e+00 0.000000e+00
3.461875e-02 0.000000e+00 0.000000e+00
3.939375e-02 0.000000e+00 0.000000e+00
4.416875e-02 0.000000e+00 0.000000e+00
4.894375e-02 0.000000e+00 0.000000e+00
5.371875e-02 0.000000e+00 0.000000e+00
5.849375e-02 0.000000e+00 0.000000e+00
6.326875e-02 0.000000e+00 0.000000e+00
6.804375e-02 0.000000e+00 0.000000e+00
7.281875e-02 0.000000e+00 0.000000e+00
7.759375e-02 0.000000e+00 0.000000e+00
8.236875e-02 0.000000e+00 0.000000e+00
8.714375e-02 0.000000e+00 0.000000e+00
9.191875e-02 0.000000e+00 0.000000e+00
9.669375e-02 0.000000e+00 0.000000e+00
1.014687e-01 1.666081e-01 5.914515e-03
1.062438e-01 9.324355e-02 4.105231e-03
1.110188e-01 5.973582e-02 3.101044e-03
1.157938e-01 4.509709e-02 2.535171e-03
1.205688e-01 4.449398e-02 2.364510e-03
1.253438e-01 4.704877e-02 2.281742e-03
1.301188e-01 4.456637e-02 2.087621e-03
1.348938e-01 4.183038e-02 1.944941e-03
1.396688e-01 4.052578e-02 1.789402e-03
1.444437e-01 4.405135e-02 1.794507e-03
1.492188e-01 3.952642e-02 1.628621e-03
1.539938e-01 3.671038e-02 1.504460e-03
1.587688e-01 3.846689e-02 1.487501e-03
1.635438e-01 3.519659e-02 1.371550e-03
1.683187e-01 3.924610e-02 1.398984e-03
1.730938e-01 3.824216e-02 1.341481e-03
1.778687e-01 3.423411e-02 1.230764e-03
1.826438e-01 3.434650e-02 1.208250e-03
1.874188e-01 3.329289e-02 1.153839e-03
1.921937e-01 3.687095e-02 1.186405e-03
1.969688e-01 3.695704e-02 1.165333e-03
2.017437e-01 3.343460e-02 1.089071e-03
2.065188e-01 3.418172e-02 1.081777e-03
2.112938e-01 3.452835e-02 1.071463e-03
2.160688e-01 3.190123e-02 1.016425e-03
2.208438e-01 3.076553e-02 9.831944e-04
2.256188e-01 3.125392e-02 9.807219e-04
2.303938e-01 3.295645e-02 9.972190e-04
2.351688e-01 3.115382e-02 9.594434e-04
2.399437e-01 3.098631e-02 9.490671e-04
2.447188e-01 3.035383e-02 9.318056e-04
2.494938e-01 2.940347e-02 9.133168e-04
2.542688e-01 3.051848e-02 9.220213e-04
2.590438e-01 2.944589e-02 9.026595e-04
2.638188e-01 3.015045e-02 9.114141e-04
2.685938e-01 2.794113e-02 8.715811e-04
2.733688e-01 2.921728e-02 8.885481e-04
2.781438e-01 2.946170e-02 8.884014e-04
2.829188e-01 2.993369e-02 8.913269e-04
2.876938e-01 2.937869e-02 8.817562e-04
2.924687e-01 2.740859e-02 8.474694e-04
2.972438e-01 2.781552e-02 8.511512e-04
3.020188e-01 2.810918e-02 8.542043e-04
3.067938e-01 2.609646e-02 8.193344e-04
3.115688e-01 2.724637e-02 8.342195e-04
3.163437e-01 2.872946e-02 8.559856e-04
3.211188e-01 2.776485e-02 8.374908e-04
3.258938e-01 2.815974e-02 8.419625e-04
3.306688e-01 2.710845e-02 8.242706e-04
3.354438e-01 2.621969e-02 8.073664e-04
3.402188e-01 2.694975e-02 8.189706e-04
3.449938e-01 2.649477e-02 8.098100e-04
3.497688e-01 2.602331e-02 7.989156e-04
3.545438e-01 2.750153e-02 8.197797e-04
3.593188e-01 2.630669e-02 7.995324e-04
3.640937e-01 2.689755e-02 8.088043e-04
3.688688e-01 2.699054e-02 8.088130e-04
3.736438e-01 2.436726e-02 7.669656e-04
3.784188e-01 2.649374e-02 7.969538e-04
3.831937e-01 2.603592e-02 7.905191e-04
3.879687e-01 2.565113e-02 7.829987e-04
3.927438e-01 2.644205e-02 7.929399e-04
3.975188e-01 2.507081e-02 7.747125e-04
4.022938e-01 2.473856e-02 7.662338e-04
4.070688e-01 2.537418e-02 7.769251e-04
4.118438e-01 2.535350e-02 7.754890e-04
4.166188e-01 2.530524e-02 7.752807e-04
4.213938e-01 2.405270e-02 7.538477e-04
4.261688e-01 2.477777e-02 7.655640e-04
4.309438e-01 2.359608e-02 7.461613e-04
4.357187e-01 2.430601e-02 7.576542e-04
4.404938e-01 2.399581e-02 7.525149e-04
4.452688e-01 2.334781e-02 7.414137e-04
4.500438e-01 2.422000e-02 7.560489e-04
4.548188e-01 2.385334e-02 7.475623e-04
4.595938e-01 2.293082e-02 7.340088e-04
4.643688e-01 2.401581e-02 7.506379e-04
4.691438e-01 2.304872e-02 7.374047e-04
4.739188e-01 2.266202e-02 7.293921e-04
4.786938e-01 2.302932e-02 7.339660e-04
4.834688e-01 2.166182e-02 7.127662e-04
4.882438e-01 2.202622e-02 7.189171e-04
4.930188e-01 2.049235e-02 6.926840e-04
4.977938e-01 2.076484e-02 6.974997e-04
5.025688e-01 1.995203e-02 6.842064e-04
5.073438e-01 2.034353e-02 6.905071e-04
5.121187e-01 1.782155e-02 6.458092e-04
5.168937e-01 2.097495e-02 7.017083e-04
5.216688e-01 1.919300e-02 6.706558e-04
5.264437e-01 1.910816e-02 6.687997e-04
5.312187e-01 1.844755e-02 6.569229e-04
5.359937e-01 1.786707e-02 6.465810e-04
5.407687e-01 1.739544e-02 6.381969e-04
5.455437e-01 1.815521e-02 6.510971e-04
5.503187e-01 1.852350e-02 6.579612e-04
5.550938e-01 1.762267e-02 6.408869e-04
5.598688e-01 1.738999e-02 6.398619e-04
5.646437e-01 1.670086e-02 6.245001e-04
5.694188e-01 1.723177e-02 6.346371e-04
5.741938e-01 1.544217e-02 6.011297e-04
5.789688e-01 1.587811e-02 6.093917e-04
5.837438e-01 1.603825e-02 6.123896e-04
5.885187e-01 1.494952e-02 5.917332e-04
5.932938e-01 1.629948e-02 6.175604e-04
5.980688e-01 1.429429e-02 5.784935e-04
6.028438e-01 1.460923e-02 5.837088e-04
6.076187e-01 1.386930e-02 5.696164e-04
6.123937e-01 1.510745e-02 5.947327e-04
6.171688e-01 1.400289e-02 5.729650e-04
6.219438e-01 1.377577e-02 5.664893e-04
6.267187e-01 1.345966e-02 5.622800e-04
6.314937e-01 1.292692e-02 5.507356e-04
6.362687e-01 1.201322e-02 5.298377e-04
6.410438e-01 1.169735e-02 5.227404e-04
6.458187e-01 1.043868e-02 4.954514e-04
6.505937e-01 1.086525e-02 5.048558e-04
6.553687e-01 1.038537e-02 4.916240e-04
6.601437e-01 1.050961e-02 4.962774e-04
6.649188e-01 9.885133e-03 4.823928e-04
6.696937e-01 8.971773e-03 4.598932e-04
6.744687e-01 8.767867e-03 4.539028e-04
6.792437e-01 8.728166e-03 4.526734e-04
6.840188e-01 8.846037e-03 4.562881e-04
6.887938e-01 8.123306e-03 4.388083e-04
6.935688e-01 7.282719e-03 4.117408e-04
6.983438e-01 7.600520e-03 4.230379e-04
7.031188e-01 7.403111e-03 4.180952e-04
7.078937e-01 7.173207e-03 4.133779e-04
7.126688e-01 6.043942e-03 3.781324e-04
7.174438e-01 6.168589e-03 3.841861e-04
7.222188e-01 5.397120e-03 3.590222e-04
7.269937e-01 5.787896e-03 3.694812e-04
7.317687e-01 5.019501e-03 3.481248e-04
7.365438e-01 5.229756e-03 3.519713e-04
7.413188e-01 4.474604e-03 3.272804e-04
7.460938e-01 4.251365e-03 3.190417e-04
7.508687e-01 3.680154e-03 2.964495e-04
7.556437e-01 4.113474e-03 3.140360e-04
7.604188e-01 3.995233e-03 3.109326e-04
7.651938e-01 3.118680e-03 2.755920e-04
7.699687e-01 3.844272e-03 3.037061e-04
7.747438e-01 2.685273e-03 2.580192e-04
7.795187e-01 2.708341e-03 2.564036e-04
7.842938e-01 3.318938e-03 2.841614e-04
7.890687e-01 2.603344e-03 2.497147e-04
7.938437e-01 2.222479e-03 2.323649e-04
7.986188e-01 2.160025e-03 2.317864e-04
8.033937e-01 2.658959e-03 2.583544e-04
8.081687e-01 1.877666e-03 2.177849e-04
8.129438e-01 1.923716e-03 2.170883e-04
8.177188e-01 1.434520e-03 1.899453e-04
8.224938e-01 1.267070e-03 1.800705e-04
8.272687e-01 1.112776e-03 1.693664e-04
8.320438e-01 1.119268e-03 1.732079e-04
8.368188e-01 9.946210e-04 1.593304e-04
8.415938e-01 1.096286e-03 1.716764e-04
8.463688e-01 6.104233e-04 1.331294e-04
8.511437e-01 8.271702e-04 1.474189e-04
8.559188e-01 7.548924e-04 1.443922e-04
8.606938e-01 3.970954e-04 1.079536e-04
8.654688e-01 2.066628e-04 8.644061e-05
8.702438e-01 4.823573e-04 1.231632e-04
8.750187e-01 3.675351e-04 1.056840e-04
8.797938e-01 3.248176e-04 1.037824e-04
8.845688e-01 3.413073e-04 9.991472e-05
8.893437e-01 1.870136e-04 7.900979e-05
8.941188e-01 3.740272e-04 1.117367e-04
8.988937e-01 1.289766e-05 6.317627e-05
9.036688e-01 1.245604e-04 7.729199e-05
9.084437e-01 1.705239e-04 8.384732e-05
9.132187e-01 1.574532e-04 7.587927e-05
9.179938e-01 2.328906e-04 9.304910e-05
9.227687e-01 7.851039e-05 7.922749e-05
9.275438e-01 1.705239e-04 8.384732e-05
9.323187e-01 -3.592015e-06 6.913080e-05
9.370937e-01 1.278929e-04 7.261391e-05
9.418688e-01 1.947623e-05 6.283282e-05
9.466438e-01 1.278929e-04 7.261391e-05
9.514188e-01 1.967517e-04 9.064507e-05
9.561938e-01 8.526195e-05 5.928901e-05
9.609688e-01 1.442961e-04 7.644749e-05
9.657438e-01 1.442961e-04 7.644749e-05
9.705187e-01 1.213144e-04 7.291130e-05
9.752938e-01 6.319089e-06 6.351786e-05
9.800688e-01 1.614370e-05 6.818529e-05
9.848438e-01 1.245604e-04 7.729199e-05
9.896188e-01 6.228020e-05 5.465369e-05
9.943937e-01 2.591184e-04 9.921839e-05
9.991688e-01 7.210481e-05 6.001452e-05
1.003944e+00 -6.751560e-06 5.255291e-05
1.008719e+00 -3.419027e-06 4.539313e-05
1.013494e+00 6.219370e-05 6.592641e-05
1.018269e+00 7.868338e-05 5.965287e-05
1.023044e+00 -2.648728e-05 5.377398e-05
1.027819e+00 1.081572e-04 7.350247e-05
1.032594e+00 2.000842e-04 8.669058e-05
1.037369e+00 1.542072e-04 7.141197e-05
1.042144e+00 1.311390e-04 7.701152e-05
1.046919e+00 2.066628e-04 8.644061e-05
1.051694e+00 2.614130e-05 5.045216e-05
1.056469e+00 1.672779e-04 7.982719e-05
1.061244e+00 7.210481e-05 6.001452e-05
1.066019e+00 -6.920474e-05 4.993308e-05
1.070794e+00 1.278929e-04 7.261391e-05
1.075569e+00 1.344715e-04 7.231530e-05
1.080344e+00 -2.973331e-05 4.726148e-05
1.085119e+00 5.570162e-05 5.504819e-05
1.089894e+00 -2.315474e-05 4.680138e-05
1.094669e+00 4.579052e-05 6.143983e-05
1.099444e+00 1.739429e-04 7.049707e-05
1.104219e+00 6.219370e-05 6.592641e-05
1.108994e+00 2.938734e-05 5.659871e-05
1.113769e+00 8.850799e-05 6.460016e-05
1.118544e+00 -5.271507e-05 4.129753e-05
1.123319e+00 1.312255e-04 6.761293e-05
1.128094e+00 1.311390e-04 7.701152e-05
1.132869e+00 -5.271507e-05 4.129753e-05
1.137644e+00 9.508656e-05 6.426432e-05
1.142419e+00 1.935057e-04 8.693983e-05
1.147194e+00 8.201591e-05 5.345272e-05
1.151969e+00 1.771025e-04 8.358885e-05
1.156744e+00 1.114897e-04 6.856633e-05
1.161519e+00 6.885877e-05 5.425632e-05
1.166294e+00 9.175403e-05 6.950665e-05
1.171069e+00 1.574532e-04 7.587927e-05
1.175844e+00 5.570162e-05 5.504819e-05
1.180619e+00 5.894766e-05 6.073135e-05
1.185394e+00 2.289526e-05 4.344452e-05
1.190169e+00 5.236909e-05 6.108662e-05
1.194944e+00 -3.419027e-06 4.539313e-05
1.199719e+00 9.184052e-05 5.892291e-05
1.204494e+00 8.850799e-05 6.460016e-05
1.209269e+00 -6.665066e-06 3.745054e-05
1.214044e+00 9.508656e-05 6.426432e-05
1.218819e+00 2.938734e-05 5.659871e-05
1.223594e+00 4.587701e-05 4.914862e-05
1.228369e+00 5.570162e-05 5.504819e-05
1.233144e+00 1.279794e-04 6.255809e-05
1.237919e+00 1.542072e-04 7.141197e-05
1.242694e+00 -5.929364e-05 4.181822e-05
1.247469e+00 6.885877e-05 5.425632e-05
1.252244e+00 7.210481e-05 6.001452e-05
1.257019e+00 1.575397e-04 6.632042e-05
1.261794e+00 1.631669e-05 4.393978e-05
1.266569e+00 7.543734e-05 5.385602e-05
1.271344e+00 3.271987e-05 5.002142e-05
1.276119e+00 9.841909e-05 5.855452e-05
1.280894e+00 2.622779e-05 3.444060e-05
1.285669e+00 4.587701e-05 4.914862e-05
1.290444e+00 1.307065e-05 3.567506e-05
1.295219e+00 6.228020e-05 5.465369e-05
1.299994e+00 1.345580e-04 6.221123e-05
1.304769e+00 1.049977e-04 5.818380e-05
1.309544e+00 1.313120e-04 5.667666e-05
1.314319e+00 3.159545e-06 4.491391e-05
1.319094e+00 3.280636e-05 3.380647e-05
1.323869e+00 1.312255e-04 6.761293e-05
1.328644e+00 6.492078e-06 3.627654e-05
1.333419e+00 6.894526e-05 3.980557e-05
1.338194e+00 2.622779e-05 3.444060e-05
1.342969e+00 3.605240e-05 4.243667e-05
1.347744e+00 9.824610e-06 2.479347e-05
1.352519e+00 6.492078e-06 3.627654e-05
1.357294e+00 -4.605000e-05 1.740526e-05
1.362069e+00 9.517305e-05 5.263685e-05
1.366844e+00 2.298175e-05 2.298175e-05
1.371619e+00 -2.964682e-05 2.956995e-05
1.376394e+00 9.192702e-05 4.596351e-05
1.381169e+00 2.947383e-05 4.294355e-05
1.385944e+00 9.192702e-05 4.596351e-05
1.390719e+00 5.903416e-05 4.826005e-05
1.395494e+00 1.115762e-04 5.781070e-05
1.400269e+00 1.378040e-04 6.729213e-05
1.405044e+00 3.938494e-05 3.316021e-05
1.409819e+00 5.245559e-05 4.870636e-05
1.414594e+00 7.219130e-05 4.735480e-05
1.419369e+00 1.017516e-04 5.222413e-05
1.424144e+00 9.824610e-06 2.479347e-05
1.428919e+00 7.219130e-05 4.735480e-05
1.433694e+00 3.938494e-05 3.316021e-05
1.438469e+00 1.307065e-05 3.567506e-05
1.443244e+00 3.938494e-05 3.316021e-05
1.448019e+00 1.871001e-04 6.988048e-05
1.452794e+00 5.245559e-05 4.870636e-05
1.457569e+00 9.192702e-05 4.596351e-05
1.462344e+00 4.587701e-05 4.914862e-05
1.467119e+00 1.640318e-05 2.390478e-05
1.471894e+00 3.280636e-05 3.380647e-05
1.476669e+00 1.411366e-04 6.186243e-05
1.481444e+00 1.956273e-05 5.087925e-05
1.486219e+00 1.706969e-04 6.566463e-05
1.490994e+00 1.640318e-05 2.390478e-05
1.495769e+00 4.263097e-05 4.192366e-05
1.500544e+00 7.219130e-05 4.735480e-05
1.505319e+00 8.534844e-05 4.643190e-05
1.510094e+00 5.903416e-05 4.826005e-05
1.514869e+00 8.201591e-05 5.345272e-05
1.519644e+00 7.219130e-05 4.735480e-05
1.524419e+00 3.280636e-05 3.380647e-05
1.529194e+00 4.920955e-05 4.140430e-05
1.533969e+00 6.492078e-06 3.627654e-05
1.538744e+00 9.824610e-06 2.479347e-05
1.543519e+00 3.605240e-05 4.243667e-05
1.548294e+00 3.280636e-05 3.380647e-05
1.553069e+00 5.578812e-05 4.087833e-05
1.557844e+00 5.578812e-05 4.087833e-05
1.562619e+00 -2.631429e-05 1.315714e-05
1.567394e+00 3.246039e-06 2.565139e-05
1.572169e+00 4.920955e-05 4.140430e-05
1.576944e+00 4.596351e-05 3.250111e-05
1.581719e+00 7.219130e-05 4.735480e-05
1.586494e+00 9.192702e-05 4.596351e-05
1.591269e+00 1.049977e-04 5.818380e-05
1.596044e+00 3.280636e-05 3.380647e-05
1.600819e+00 3.280636e-05 3.380647e-05
1.605594e+00 -1.973572e-05 1.139442e-05
1.610369e+00 3.938494e-05 3.316021e-05
1.615144e+00 3.938494e-05 3.316021e-05
1.619919e+00 2.622779e-05 3.444060e-05
1.624694e+00 3.938494e-05 3.316021e-05
1.629469e+00 1.279794e-04 6.255809e-05
1.634244e+00 4.920955e-05 4.140430e-05
1.639019e+00 6.236669e-05 4.034552e-05
1.643794e+00 9.517305e-05 5.263685e-05
1.648569e+00 8.859448e-05 5.304635e-05
1.653344e+00 3.280636e-05 3.380647e-05
1.658119e+00 2.947383e-05 4.294355e-05
1.662894e+00 2.298175e-05 2.298175e-05
1.667669e+00 3.246039e-06 2.565139e-05
1.672444e+00 1.313120e-04 5.667666e-05
1.677219e+00 3.246039e-06 2.565139e-05
1.681994e+00 1.640318e-05 2.390478e-05
1.686769e+00 0.000000e+00 0.000000e+00
1.691544e+00 3.246039e-06 2.565139e-05
1.696319e+00 5.903416e-05 4.826005e-05
1.701094e+00 4.596351e-05 3.250111e-05
1.705869e+00 -1.973572e-05 1.139442e-05
1.710644e+00 -8.649415e-08 3.686821e-05
1.715419e+00 5.578812e-05 4.087833e-05
1.720194e+00 2.298175e-05 2.298175e-05
1.724969e+00 3.246039e-06 2.565139e-05
1.729744e+00 1.640318e-05 2.390478e-05
1.734519e+00 3.938494e-05 3.316021e-05
1.739294e+00 3.938494e-05 3.316021e-05
1.744069e+00 2.622779e-05 3.444060e-05
1.748844e+00 3.280636e-05 3.380647e-05
1.753619e+00 2.298175e-05 2.298175e-05
1.758394e+00 5.578812e-05 4.087833e-05
1.763169e+00 3.938494e-05 3.316021e-05
1.767944e+00 4.596351e-05 3.250111e-05
1.772719e+00 3.280636e-05 3.380647e-05
1.777494e+00 -1.973572e-05 1.139442e-05
1.782269e+00 -6.578572e-06 6.578572e-06
1.787044e+00 6.236669e-05 4.034552e-05
1.791819e+00 9.824610e-06 2.479347e-05
1.796594e+00 9.192702e-05 4.596351e-05
1.801369e+00 3.938494e-05 3.316021e-05
1.806144e+00 5.578812e-05 4.087833e-05
1.810919e+00 6.236669e-05 4.034552e-05
1.815694e+00 6.236669e-05 4.034552e-05
1.820469e+00 6.561273e-05 4.780956e-05
1.825244e+00 9.824610e-06 2.479347e-05
1.830019e+00 1.964922e-05 3.506326e-05
1.834794e+00 2.622779e-05 3.444060e-05
1.839569e+00 6.236669e-05 4.034552e-05
1.844344e+00 8.534844e-05 4.643190e-05
1.849119e+00 5.578812e-05 4.087833e-05
1.853894e+00 3.938494e-05 3.316021e-05
1.858669e+00 1.017516e-04 5.222413e-05
1.863444e+00 9.824610e-06 2.479347e-05
1.868219e+00 6.236669e-05 4.034552e-05
1.872994e+00 6.236669e-05 4.034552e-05
1.877769e+00 9.824610e-06 2.479347e-05
1.882544e+00 7.876987e-05 4.689562e-05
1.887319e+00 1.640318e-05 2.390478e-05
1.892094e+00 4.263097e-05 4.192366e-05
1.896869e+00 4.596351e-05 3.250111e-05
1.901644e+00 3.280636e-05 3.380647e-05
1.906419e+00 1.640318e-05 2.390478e-05
1.911194e+00 7.219130e-05 4.735480e-05
1.915969e+00 1.345580e-04 6.221123e-05
1.920744e+00 6.236669e-05 4.034552e-05
1.925519e+00 6.236669e-05 4.034552e-05
1.930294e+00 -3.332533e-06 2.648153e-05
1.935069e+00 9.824610e-06 2.479347e-05
1.939844e+00 3.938494e-05 3.316021e-05
1.944619e+00 8.534844e-05 4.643190e-05
1.949394e+00 9.192702e-05 4.596351e-05
1.954169e+00 3.280636e-05 3.380647e-05
1.958944e+00 2.298175e-05 2.298175e-05
1.963719e+00 1.017516e-04 5.222413e-05
1.968494e+00 3.246039e-06 2.565139e-05
1.973269e+00 -1.324364e-05 3.802395e-05
1.978044e+00 1.640318e-05 2.390478e-05
1.982819e+00 4.596351e-05 3.250111e-05
1.987594e+00 -1.315714e-05 9.303505e-06
1.992369e+00 7.219130e-05 4.735480e-05
1.997144e+00 5.578812e-05 4.087833e-05
2.001919e+00 6.236669e-05 4.034552e-05
2.006694e+00 9.824610e-06 2.479347e-05
2.011469e+00 1.640318e-05 2.390478e-05
2.016244e+00 3.938494e-05 3.316021e-05
2.021019e+00 6.894526e-05 3.980557e-05
2.025794e+00 1.313120e-04 5.667666e-05
2.030569e+00 9.517305e-05 5.263685e-05
2.035344e+00 3.938494e-05 3.316021e-05
2.040119e+00 6.236669e-05 4.034552e-05
2.044894e+00 3.938494e-05 3.316021e-05
2.049669e+00 6.236669e-05 4.034552e-05
2.054444e+00 9.824610e-06 2.479347e-05
2.059219e+00 -2.631429e-05 1.315714e-05
2.063994e+00 1.640318e-05 2.390478e-05
2.068769e+00 5.578812e-05 4.087833e-05
2.073544e+00 2.298175e-05 2.298175e-05
2.078319e+00 4.596351e-05 3.250111e-05
2.083094e+00 1.017516e-04 5.222413e-05
2.087869e+00 3.938494e-05 3.316021e-05
2.092644e+00 8.859448e-05 5.304635e-05
2.097419e+00 0.000000e+00 0.000000e+00
2.102194e+00 7.876987e-05 4.689562e-05
2.106969e+00 0.000000e+00 0.000000e+00
2.111744e+00 1.307065e-05 3.567506e-05
2.116519e+00 -6.578572e-06 6.578572e-06
2.121294e+00 2.298175e-05 2.298175e-05
2.126069e+00 1.247334e-04 5.705718e-05
2.130844e+00 1.640318e-05 2.390478e-05
2.135619e+00 9.824610e-06 2.479347e-05
2.140394e+00 0.000000e+00 0.000000e+00
2.145169e+00 4.596351e-05 3.250111e-05
2.149944e+00 3.938494e-05 3.316021e-05
2.154719e+00 1.640318e-05 2.390478e-05
2.159494e+00 1.640318e-05 2.390478e-05
2.164269e+00 -6.578572e-06 6.578572e-06
2.169044e+00 7.219130e-05 4.735480e-05
2.173819e+00 3.938494e-05 3.316021e-05
2.178594e+00 5.578812e-05 4.087833e-05
2.183369e+00 4.596351e-05 3.250111e-05
2.188144e+00 2.298175e-05 2.298175e-05
2.192919e+00 3.280636e-05 3.380647e-05
2.197694e+00 7.876987e-05 4.689562e-05
2.202469e+00 -1.315714e-05 9.303505e-06
2.207244e+00 4.920955e-05 4.140430e-05
2.212019e+00 9.824610e-06 2.479347e-05
2.216794e+00 9.517305e-05 5.263685e-05
2.221569e+00 9.824610e-06 2.479347e-05
2.226344e+00 2.298175e-05 2.298175e-05
2.231119e+00 9.517305e-05 5.263685e-05
2.235894e+00 5.578812e-05 4.087833e-05
2.240669e+00 6.894526e-05 3.980557e-05
2.245444e+00 6.236669e-05 4.034552e-05
2.250219e+00 3.938494e-05 3.316021e-05
2.254994e+00 0.000000e+00 0.000000e+00
2.259769e+00 -3.332533e-06 2.648153e-05
2.264544e+00 1.640318e-05 2.390478e-05
2.269319e+00 2.298175e-05 2.298175e-05
2.274094e+00 1.345580e-04 6.221123e-05
2.278869e+00 9.824610e-06 2.479347e-05
2.283644e+00 2.298175e-05 2.298175e-05
2.288419e+00 6.492078e-06 3.627654e-05
2.293194e+00 3.938494e-05 3.316021e-05
2.297969e+00 6.236669e-05 4.034552e-05
2.302744e+00 4.596351e-05 3.250111e-05
2.307519e+00 3.280636e-05 3.380647e-05
2.312294e+00 2.298175e-05 2.298175e-05
2.317069e+00 7.876987e-05 4.689562e-05
2.321844e+00 1.640318e-05 2.390478e-05
2.326619e+00 3.938494e-05 3.316021e-05
2.331394e+00 2.622779e-05 3.444060e-05
2.336169e+00 4.596351e-05 3.250111e-05
2.340944e+00 4.596351e-05 3.250111e-05
2.345719e+00 9.824610e-06 2.479347e-05
2.350494e+00 3.938494e-05 3.316021e-05
2.355269e+00 9.824610e-06 2.479347e-05
2.360044e+00 4.596351e-05 3.250111e-05
2.364819e+00 1.115762e-04 5.781070e-05
2.369594e+00 8.534844e-05 4.643190e-05
2.374369e+00 3.938494e-05 3.316021e-05
2.379144e+00 2.298175e-05 2.298175e-05
2.383919e+00 1.964922e-05 3.506326e-05
2.388694e+00 3.246039e-06 2.565139e-05
2.393469e+00 6.236669e-05 4.034552e-05
2.398244e+00 3.938494e-05 3.316021e-05
2.403019e+00 1.640318e-05 2.390478e-05
2.407794e+00 -1.315714e-05 9.303505e-06
2.412569e+00 4.920955e-05 4.140430e-05
2.417344e+00 9.824610e-06 2.479347e-05
2.422119e+00 5.903416e-05 4.826005e-05
2.426894e+00 1.640318e-05 2.390478e-05
2.431669e+00 4.596351e-05 3.250111e-05
2.436444e+00 1.640318e-05 2.390478e-05
2.441219e+00 1.640318e-05 2.390478e-05
2.445994e+00 1.640318e-05 2.390478e-05
2.450769e+00 3.938494e-05 3.316021e-05
2.455544e+00 0.000000e+00 0.000000e+00
2.460319e+00 1.640318e-05 2.390478e-05
2.465094e+00 3.280636e-05 3.380647e-05
2.469869e+00 4.596351e-05 3.250111e-05
2.474644e+00 1.307065e-05 3.567506e-05
2.479419e+00 0.000000e+00 0.000000e+00
2.484194e+00 2.622779e-05 3.444060e-05
2.488969e+00 6.236669e-05 4.034552e-05
2.493744e+00 4.596351e-05 3.250111e-05
2.498519e+00 6.236669e-05 4.034552e-05
2.503294e+00 2.298175e-05 2.298175e-05
2.508069e+00 3.246039e-06 2.565139e-05
2.512844e+00 2.298175e-05 2.298175e-05
2.517619e+00 -1.315714e-05 9.303505e-06
2.522394e+00 -1.315714e-05 9.303505e-06
2.527169e+00 8.534844e-05 4.643190e-05
2.531944e+00 1.313120e-04 5.667666e-05
2.536719e+00 1.964922e-05 3.506326e-05
2.541494e+00 9.824610e-06 2.479347e-05
2.546269e+00 3.938494e-05 3.316021e-05
2.551044e+00 6.236669e-05 4.034552e-05
2.555819e+00 1.964922e-05 3.506326e-05
2.560594e+00 3.938494e-05 3.316021e-05
2.565369e+00 8.534844e-05 4.643190e-05
2.570144e+00 1.411366e-04 6.186243e-05
2.574919e+00 4.596351e-05 3.250111e-05
2.579694e+00 0.000000e+00 0.000000e+00
2.584469e+00 9.824610e-06 2.479347e-05
2.589244e+00 1.964922e-05 3.506326e-05
2.594019e+00 6.561273e-05 4.780956e-05
2.598794e+00 -1.973572e-05 1.139442e-05
2.603569e+00 1.279794e-04 6.255809e-05
2.608344e+00 4.596351e-05 3.250111e-05
2.613119e+00 3.246039e-06 2.565139e-05
2.617894e+00 9.192702e-05 4.596351e-05
2.622669e+00 3.280636e-05 3.380647e-05
2.627444e+00 0.000000e+00 0.000000e+00
2.632219e+00 2.622779e-05 3.444060e-05
2.636994e+00 8.859448e-05 5.304635e-05
2.641769e+00 8.534844e-05 4.643190e-05
2.646544e+00 2.298175e-05 2.298175e-05
2.651319e+00 3.938494e-05 3.316021e-05
2.656094e+00 1.279794e-04 6.255809e-05
2.660869e+00 2.298175e-05 2.298175e-05
2.665644e+00 1.964922e-05 3.506326e-05
2.670419e+00 1.640318e-05 2.390478e-05
2.675194e+00 8.534844e-05 4.643190e-05
2.679969e+00 2.298175e-05 2.298175e-05
2.684744e+00 3.938494e-05 3.316021e-05
2.689519e+00 1.017516e-04 5.222413e-05
2.694294e+00 1.640318e-05 2.390478e-05
2.699069e+00 6.236669e-05 4.034552e-05
2.703844e+00 4.263097e-05 4.192366e-05
2.708619e+00 -6.578572e-06 6.578572e-06
2.713394e+00 9.824610e-06 2.479347e-05
2.718169e+00 2.298175e-05 2.298175e-05
2.722944e+00 8.534844e-05 4.643190e-05
2.727719e+00 9.517305e-05 5.263685e-05
2.732494e+00 5.578812e-05 4.087833e-05
2.737269e+00 9.824610e-06 2.479347e-05
2.742044e+00 2.947383e-05 4.294355e-05
2.746819e+00 -3.332533e-06 2.648153e-05
2.751594e+00 0.000000e+00 0.000000e+00
2.756369e+00 3.938494e-05 3.316021e-05
2.761144e+00 3.246039e-06 2.565139e-05
2.765919e+00 3.246039e-06 2.565139e-05
2.770694e+00 4.596351e-05 3.250111e-05
2.775469e+00 -6.578572e-06 6.578572e-06
2.780244e+00 -6.578572e-06 6.578572e-06
2.785019e+00 2.298175e-05 2.298175e-05
2.789794e+00 4.263097e-05 4.192366e-05
2.794569e+00 4.596351e-05 3.250111e-05
2.799344e+00 1.640318e-05 2.390478e-05
2.804119e+00 3.246039e-06 2.565139e-05
2.808894e+00 2.298175e-05 2.298175e-05
2.813669e+00 -3.332533e-06 2.648153e-05
2.818444e+00 7.876987e-05 4.689562e-05
2.823219e+00 3.938494e-05 3.316021e-05
2.827994e+00 7.219130e-05 4.735480e-05
2.832769e+00 4.596351e-05 3.250111e-05
2.837544e+00 7.876987e-05 4.689562e-05
2.842319e+00 3.938494e-05 3.316021e-05
2.847094e+00 9.192702e-05 4.596351e-05
2.851869e+00 -1.973572e-05 1.139442e-05
2.856644e+00 6.236669e-05 4.034552e-05
2.861419e+00 9.824610e-06 2.479347e-05
2.866194e+00 9.192702e-05 4.596351e-05
2.870969e+00 3.938494e-05 3.316021e-05
2.875744e+00 2.298175e-05 2.298175e-05
2.880519e+00 8.534844e-05 4.643190e-05
2.885294e+00 -1.315714e-05 9.303505e-06
2.890069e+00 4.596351e-05 3.250111e-05
2.894844e+00 1.640318e-05 2.390478e-05
2.899619e+00 3.938494e-05 3.316021e-05
2.904394e+00 3.938494e-05 3.316021e-05
2.909169e+00 4.596351e-05 3.250111e-05
2.913944e+00 9.192702e-05 4.596351e-05
2.918719e+00 3.938494e-05 3.316021e-05
2.923494e+00 -1.315714e-05 9.303505e-06
2.928269e+00 2.298175e-05 2.298175e-05
2.933044e+00 9.824610e-06 2.479347e-05
2.937819e+00 1.083302e-04 5.180813e-05
2.942594e+00 4.596351e-05 3.250111e-05
2.947369e+00 4.920955e-05 4.140430e-05
2.952144e+00 5.578812e-05 4.087833e-05
2.956919e+00 3.938494e-05 3.316021e-05
2.961694e+00 3.938494e-05 3.316021e-05
2.966469e+00 1.307065e-05 3.567506e-05
2.971244e+00 0.000000e+00 0.000000e+00
2.976019e+00 3.938494e-05 3.316021e-05
2.980794e+00 1.017516e-04 5.222413e-05
2.985569e+00 -1.315714e-05 9.303505e-06
2.990344e+00 1.307065e-05 3.567506e-05
2.995119e+00 5.570162e-05 5.504819e-05
2.999894e+00 3.938494e-05 3.316021e-05
3.004669e+00 9.824610e-06 2.479347e-05
3.009444e+00 -6.578572e-06 6.578572e-06
3.014219e+00 0.000000e+00 0.000000e+00
3.018994e+00 4.263097e-05 4.192366e-05
3.023769e+00 1.307065e-05 3.567506e-05
3.028544e+00 1.640318e-05 2.390478e-05
3.033319e+00 2.622779e-05 3.444060e-05
3.038094e+00 9.824610e-06 2.479347e-05
3.042869e+00 6.236669e-05 4.034552e-05
3.047644e+00 3.938494e-05 3.316021e-05
3.052419e+00 -6.578572e-06 6.578572e-06
3.057194e+00 3.938494e-05 3.316021e-05
3.061969e+00 9.192702e-05 4.596351e-05
3.066744e+00 3.246039e-06 2.565139e-05
3.071519e+00 -6.578572e-06 6.578572e-06
3.076294e+00 0.000000e+00 0.000000e+00
3.081069e+00 1.640318e-05 2.390478e-05
3.085844e+00 1.640318e-05 2.390478e-05
3.090619e+00 1.640318e-05 2.390478e-05
3.095394e+00 0.000000e+00 0.000000e+00
3.100169e+00 1.640318e-05 2.390478e-05
3.104944e+00 9.192702e-05 4.596351e-05
3.109719e+00 1.964922e-05 3.506326e-05
3.114494e+00 -6.578572e-06 6.578572e-06
3.119269e+00 9.192702e-05 4.596351e-05
3.124044e+00 3.938494e-05 3.316021e-05
3.128819e+00 -2.631429e-05 1.315714e-05
3.133594e+00 2.622779e-05 3.444060e-05
3.138369e+00 1.640318e-05 2.390478e-05
3.143144e+00 8.859448e-05 5.304635e-05
3.147919e+00 3.938494e-05 3.316021e-05
3.152694e+00 -6.578572e-06 6.578572e-06
3.157469e+00 6.236669e-05 4.034552e-05
3.162244e+00 -1.648968e-05 2.806825e-05
3.167019e+00 2.298175e-05 2.298175e-05
3.171794e+00 6.236669e-05 4.034552e-05
3.176569e+00 2.622779e-05 3.444060e-05
3.181344e+00 2.298175e-05 2.298175e-05
3.186119e+00 1.083302e-04 5.180813e-05
3.190894e+00 1.640318e-05 2.390478e-05
3.195669e+00 3.938494e-05 3.316021e-05
3.200444e+00 3.280636e-05 3.380647e-05
3.205219e+00 2.298175e-05 2.298175e-05
3.209994e+00 3.246039e-06 2.565139e-05
3.214769e+00 0.000000e+00 0.000000e+00
3.219544e+00 8.534844e-05 4.643190e-05
3.224319e+00 5.578812e-05 4.087833e-05
3.229094e+00 3.246039e-06 2.565139e-05
3.233869e+00 4.596351e-05 3.250111e-05
3.238644e+00 -6.578572e-06 6.578572e-06
3.243419e+00 9.192702e-05 4.596351e-05
3.248194e+00 -1.648968e-05 2.806825e-05
3.252969e+00 -1.315714e-05 9.303505e-06
3.257744e+00 8.859448e-05 5.304635e-05
3.262519e+00 4.587701e-05 4.914862e-05
3.267294e+00 1.964922e-05 3.506326e-05
3.272069e+00 6.894526e-05 3.980557e-05
3.276844e+00 -1.648968e-05 2.806825e-05
3.281619e+00 0.000000e+00 0.000000e+00
3.286394e+00 9.824610e-06 2.479347e-05
3.291169e+00 -6.578572e-06 6.578572e-06
3.295944e+00 8.534844e-05 4.643190e-05
3.300719e+00 1.640318e-05 2.390478e-05
3.305494e+00 3.938494e-05 3.316021e-05
3.310269e+00 8.534844e-05 4.643190e-05
3.315044e+00 4.596351e-05 3.250111e-05
3.319819e+00 6.894526e-05 3.980557e-05
3.324594e+00 4.920955e-05 4.140430e-05
3.329369e+00 -1.315714e-05 9.303505e-06
3.334144e+00 1.640318e-05 2.390478e-05
3.338919e+00 9.192702e-05 4.596351e-05
3.343694e+00 6.236669e-05 4.034552e-05
3.348469e+00 3.246039e-06 2.565139e-05
3.353244e+00 7.219130e-05 4.735480e-05
3.358019e+00 0.000000e+00 0.000000e+00
3.362794e+00 -6.578572e-06 6.578572e-06
3.367569e+00 -6.578572e-06 6.578572e-06
3.372344e+00 -2.631429e-05 1.315714e-05
3.377119e+00 6.894526e-05 3.980557e-05
3.381894e+00 -1.315714e-05 9.303505e-06
3.386669e+00 1.640318e-05 2.390478e-05
3.391444e+00 1.640318e-05 2.390478e-05
3.396219e+00 9.824610e-06 2.479347e-05
3.400994e+00 1.083302e-04 5.180813e-05
3.405769e+00 1.640318e-05 2.390478e-05
3.410544e+00 0.000000e+00 0.000000e+00
3.415319e+00 5.578812e-05 4.087833e-05
3.420094e+00 -3.332533e-06 2.648153e-05
3.424869e+00 -6.578572e-06 6.578572e-06
3.429644e+00 6.236669e-05 4.034552e-05
3.434419e+00 5.578812e-05 4.087833e-05
3.439194e+00 6.894526e-05 3.980557e-05
3.443969e+00 3.246039e-06 2.565139e-05
3.448744e+00 3.246039e-06 2.565139e-05
3.453519e+00 0.000000e+00 0.000000e+00
3.458294e+00 2.622779e-05 3.444060e-05
3.463069e+00 3.938494e-05 3.316021e-05
3.467844e+00 1.640318e-05 2.390478e-05
3.472619e+00 7.219130e-05 4.735480e-05
3.477394e+00 2.622779e-05 3.444060e-05
3.482169e+00 3.938494e-05 3.316021e-05
3.486944e+00 6.894526e-05 3.980557e-05
3.491719e+00 3.280636e-05 3.380647e-05
3.496494e+00 -6.578572e-06 6.578572e-06
3.501269e+00 -1.648968e-05 2.806825e-05
3.506044e+00 5.578812e-05 4.087833e-05
3.510819e+00 -6.578572e-06 6.578572e-06
3.515594e+00 1.640318e-05 2.390478e-05
3.520369e+00 2.622779e-05 3.444060e-05
3.525144e+00 2.298175e-05 2.298175e-05
3.529919e+00 6.561273e-05 4.780956e-05
3.534694e+00 1.640318e-05 2.390478e-05
3.539469e+00 9.192702e-05 4.596351e-05
3.544244e+00 7.876987e-05 4.689562e-05
3.549019e+00 2.298175e-05 2.298175e-05
3.553794e+00 1.640318e-05 2.390478e-05
3.558569e+00 2.298175e-05 2.298175e-05
3.563344e+00 1.313120e-04 5.667666e-05
3.568119e+00 4.920955e-05 4.140430e-05
3.572894e+00 4.596351e-05 3.250111e-05
3.577669e+00 -1.315714e-05 9.303505e-06
3.582444e+00 2.298175e-05 2.298175e-05
3.587219e+00 6.236669e-05 4.034552e-05
3.591994e+00 4.596351e-05 3.250111e-05
3.596769e+00 1.017516e-04 5.222413e-05
3.601544e+00 3.280636e-05 3.380647e-05
3.606319e+00 2.298175e-05 2.298175e-05
3.611094e+00 9.192702e-05 4.596351e-05
3.615869e+00 2.622779e-05 3.444060e-05
3.620644e+00 1.964922e-05 3.506326e-05
3.625419e+00 1.640318e-05 2.390478e-05
3.630194e+00 -6.578572e-06 6.578572e-06
3.634969e+00 3.938494e-05 3.316021e-05
3.639744e+00 8.534844e-05 4.643190e-05
3.644519e+00 7.876987e-05 4.689562e-05
3.649294e+00 1.706969e-04 6.566463e-05
3.654069e+00 3.938494e-05 3.316021e-05
3.658844e+00 2.298175e-05 2.298175e-05
3.663619e+00 9.824610e-06 2.479347e-05
3.668394e+00 9.824610e-06 2.479347e-05
3.673169e+00 -6.578572e-06 6.578572e-06
3.677944e+00 3.605240e-05 4.243667e-05
3.682719e+00 1.640318e-05 2.390478e-05
3.687494e+00 4.596351e-05 3.250111e-05
3.692269e+00 -1.315714e-05 9.303505e-06
3.697044e+00 -1.315714e-05 9.303505e-06
3.701819e+00 9.824610e-06 2.479347e-05
3.706594e+00 1.640318e-05 2.390478e-05
3.711369e+00 -1.315714e-05 9.303505e-06
3.716144e+00 7.219130e-05 4.735480e-05
3.720919e+00 3.246039e-06 2.565139e-05
3.725694e+00 6.236669e-05 4.034552e-05
3.730469e+00 4.596351e-05 3.250111e-05
3.735244e+00 -1.315714e-05 9.303505e-06
3.740019e+00 -6.578572e-06 6.578572e-06
3.744794e+00 6.894526e-05 3.980557e-05
3.749569e+00 3.605240e-05 4.243667e-05
3.754344e+00 1.083302e-04 5.180813e-05
3.759119e+00 4.920955e-05 4.140430e-05
3.763894e+00 8.534844e-05 4.643190e-05
3.768669e+00 -1.315714e-05 9.303505e-06
3.773444e+00 -9.911105e-06 2.728643e-05
3.778219e+00 9.824610e-06 2.479347e-05
3.782994e+00 3.938494e-05 3.316021e-05
3.787769e+00 3.280636e-05 3.380647e-05
3.792544e+00 2.298175e-05 2.298175e-05
3.797319e+00 3.938494e-05 3.316021e-05
3.802094e+00 6.236669e-05 4.034552e-05
3.806869e+00 6.236669e-05 4.034552e-05
3.811644e+00 0.000000e+00 0.000000e+00
3.816419e+00 2.298175e-05 2.298175e-05
3.821194e+00 6.885877e-05 5.425632e-05
3.825969e+00 -6.578572e-06 6.578572e-06
3.830744e+00 0.000000e+00 0.000000e+00
3.835519e+00 3.280636e-05 3.380647e-05
3.840294e+00 5.578812e-05 4.087833e-05
3.845069e+00 4.596351e-05 3.250111e-05
3.849844e+00 5.570162e-05 5.504819e-05
3.854619e+00 1.640318e-05 2.390478e-05
3.859394e+00 1.640318e-05 2.390478e-05
3.864169e+00 2.298175e-05 2.298175e-05
3.868944e+00 6.236669e-05 4.034552e-05
3.873719e+00 9.824610e-06 2.479347e-05
3.878494e+00 4.920955e-05 4.140430e-05
3.883269e+00 0.000000e+00 0.000000e+00
3.888044e+00 9.824610e-06 2.479347e-05
3.892819e+00 3.938494e-05 3.316021e-05
3.897594e+00 3.246039e-06 2.565139e-05
3.902369e+00 1.608723e-04 6.080401e-05
3.907144e+00 8.534844e-05 4.643190e-05
3.911919e+00 5.578812e-05 4.087833e-05
3.916694e+00 -6.578572e-06 6.578572e-06
3.921469e+00 1.149088e-04 5.138876e-05
3.926244e+00 -1.648968e-05 2.806825e-05
3.931019e+00 4.596351e-05 3.250111e-05
3.935794e+00 7.876987e-05 4.689562e-05
3.940569e+00 9.824610e-06 2.479347e-05
3.945344e+00 1.640318e-05 2.390478e-05
3.950119e+00 6.236669e-05 4.034552e-05
3.954894e+00 3.938494e-05 3.316021e-05
3.959669e+00 8.534844e-05 4.643190e-05
3.964444e+00 5.578812e-05 4.087833e-05
3.969219e+00 1.640318e-05 2.390478e-05
3.973994e+00 3.246039e-06 2.565139e-05
3.978769e+00 -6.578572e-06 6.578572e-06
3.983544e+00 -6.578572e-06 6.578572e-06
3.988319e+00 1.083302e-04 5.180813e-05
3.993094e+00 3.938494e-05 3.316021e-05
3.997869e+00 2.298175e-05 2.298175e-05
4.002644e+00 6.236669e-05 4.034552e-05
4.007419e+00 8.534844e-05 4.643190e-05
4.012194e+00 3.605240e-05 4.243667e-05
4.016969e+00 5.578812e-05 4.087833e-05
4.021744e+00 3.938494e-05 3.316021e-05
4.026519e+00 0.000000e+00 0.000000e+00
4.031294e+00 9.824610e-06 2.479347e-05
4.036069e+00 0.000000e+00 0.000000e+00
4.040844e+00 1.640318e-05 2.390478e-05
4.045619e+00 -6.578572e-06 6.578572e-06
4.050394e+00 -6.578572e-06 6.578572e-06
4.055169e+00 6.894526e-05 3.980557e-05
4.059944e+00 -1.648968e-05 2.806825e-05
4.064719e+00 9.824610e-06 2.479347e-05
4.069494e+00 4.596351e-05 3.250111e-05
4.074269e+00 -1.973572e-05 1.139442e-05
4.079044e+00 5.245559e-05 4.870636e-05
4.083819e+00 4.596351e-05 3.250111e-05
4.088594e+00 5.245559e-05 4.870636e-05
4.093369e+00 0.000000e+00 0.000000e+00
4.098144e+00 2.298175e-05 2.298175e-05
4.102919e+00 -1.973572e-05 1.139442e-05
4.107694e+00 5.578812e-05 4.087833e-05
4.112469e+00 -3.332533e-06 2.648153e-05
4.117244e+00 6.492078e-06 3.627654e-05
4.122019e+00 1.640318e-05 2.390478e-05
4.126794e+00 3.280636e-05 3.380647e-05
4.131569e+00 1.640318e-05 2.390478e-05
4.136344e+00 3.280636e-05 3.380647e-05
4.141119e+00 0.000000e+00 0.000000e+00
4.145894e+00 7.876987e-05 4.689562e-05
4.150669e+00 9.824610e-06 2.479347e-05
4.155444e+00 1.640318e-05 2.390478e-05
4.160219e+00 3.280636e-05 3.380647e-05
4.164994e+00 3.938494e-05 3.316021e-05
4.169769e+00 1.640318e-05 2.390478e-05
4.174544e+00 3.280636e-05 3.380647e-05
4.179319e+00 2.298175e-05 2.298175e-05
4.184094e+00 -2.631429e-05 1.315714e-05
4.188869e+00 1.640318e-05 2.390478e-05
4.193644e+00 0.000000e+00 0.000000e+00
4.198419e+00 0.000000e+00 0.000000e+00
4.203194e+00 9.824610e-06 2.479347e-05
4.207969e+00 4.596351e-05 3.250111e-05
4.212744e+00 3.938494e-05 3.316021e-05
4.217519e+00 1.149088e-04 5.138876e-05
4.222294e+00 1.083302e-04 5.180813e-05
4.227069e+00 5.578812e-05 4.087833e-05
4.231844e+00 1.640318e-05 2.390478e-05
4.236619e+00 9.824610e-06 2.479347e-05
4.241394e+00 -1.315714e-05 9.303505e-06
4.246169e+00 -6.578572e-06 6.578572e-06
4.250944e+00 7.219130e-05 4.735480e-05
4.255719e+00 8.859448e-05 5.304635e-05
4.260494e+00 2.622779e-05 3.444060e-05
4.265269e+00 3.280636e-05 3.380647e-05
4.270044e+00 4.596351e-05 3.250111e-05
4.274819e+00 9.824610e-06 2.479347e-05
4.279594e+00 6.236669e-05 4.034552e-05
4.284369e+00 0.000000e+00 0.000000e+00
4.289144e+00 7.219130e-05 4.735480e-05
4.293919e+00 2.622779e-05 3.444060e-05
4.298694e+00 6.236669e-05 4.034552e-05
4.303469e+00 -2.631429e-05 1.315714e-05
4.308244e+00 -6.578572e-06 6.578572e-06
4.313019e+00 5.578812e-05 4.087833e-05
4.317794e+00 -6.578572e-06 6.578572e-06
4.322569e+00 2.298175e-05 2.298175e-05
4.327344e+00 3.938494e-05 3.316021e-05
4.332119e+00 5.903416e-05 4.826005e-05
4.336894e+00 2.298175e-05 2.298175e-05
4.341669e+00 7.219130e-05 4.735480e-05
4.346444e+00 1.640318e-05 2.390478e-05
4.351219e+00 7.876987e-05 4.689562e-05
4.355994e+00 -2.631429e-05 1.315714e-05
4.360769e+00 1.964922e-05 3.506326e-05
4.365544e+00 3.246039e-06 2.565139e-05
4.370319e+00 8.534844e-05 4.643190e-05
4.375094e+00 3.938494e-05 3.316021e-05
4.379869e+00 0.000000e+00 0.000000e+00
4.384644e+00 5.578812e-05 4.087833e-05
4.389419e+00 1.640318e-05 2.390478e-05
4.394194e+00 1.640318e-05 2.390478e-05
4.398969e+00 -1.315714e-05 9.303505e-06
4.403744e+00 1.640318e-05 2.390478e-05
4.408519e+00 -9.911105e-06 2.728643e-05
4.413294e+00 3.280636e-05 3.380647e-05
4.418069e+00 9.824610e-06 2.479347e-05
4.422844e+00 3.280636e-05 3.380647e-05
4.427619e+00 1.640318e-05 2.390478e-05
4.432394e+00 3.280636e-05 3.380647e-05
4.437169e+00 6.236669e-05 4.034552e-05
4.441944e+00 1.640318e-05 2.390478e-05
4.446719e+00 1.640318e-05 2.390478e-05
4.451494e+00 2.298175e-05 2.298175e-05
4.456269e+00 2.298175e-05 2.298175e-05
4.461044e+00 4.263097e-05 4.192366e-05
4.465819e+00 2.298175e-05 2.298175e-05
4.470594e+00 6.894526e-05 3.980557e-05
4.475369e+00 6.236669e-05 4.034552e-05
4.480144e+00 5.245559e-05 4.870636e-05
4.484919e+00 -5.920715e-05 1.973572e-05
4.489694e+00 1.640318e-05 2.390478e-05
4.494469e+00 1.640318e-05 2.390478e-05
4.499244e+00 3.280636e-05 3.380647e-05
4.504019e+00 -1.315714e-05 9.303505e-06
4.508794e+00 4.596351e-05 3.250111e-05
4.513569e+00 3.246039e-06 2.565139e-05
4.518344e+00 4.596351e-05 3.250111e-05
4.523119e+00 4.596351e-05 3.250111e-05
4.527894e+00 6.561273e-05 4.780956e-05
4.532669e+00 1.247334e-04 5.705718e-05
4.537444e+00 2.298175e-05 2.298175e-05
4.542219e+00 1.640318e-05 2.390478e-05
4.546994e+00 8.534844e-05 4.643190e-05
4.551769e+00 1.640318e-05 2.390478e-05
4.556544e+00 2.298175e-05 2.298175e-05
4.561319e+00 -1.315714e-05 9.303505e-06
4.566094e+00 -1.315714e-05 9.303505e-06
4.570869e+00 3.280636e-05 3.380647e-05
4.575644e+00 0.000000e+00 0.000000e+00
4.580419e+00 9.824610e-06 2.479347e-05
4.585194e+00 9.192702e-05 4.596351e-05
4.589969e+00 4.920955e-05 4.140430e-05
4.594744e+00 0.000000e+00 0.000000e+00
4.599519e+00 5.578812e-05 4.087833e-05
4.604294e+00 8.534844e-05 4.643190e-05
4.609069e+00 3.280636e-05 3.380647e-05
4.613844e+00 8.534844e-05 4.643190e-05
4.618619e+00 2.622779e-05 3.444060e-05
4.623394e+00 1.149088e-04 5.138876e-05
4.628169e+00 3.605240e-05 4.243667e-05
4.632944e+00 4.596351e-05 3.250111e-05
4.637719e+00 1.640318e-05 2.390478e-05
4.642494e+00 -6.578572e-06 6.578572e-06
4.647269e+00 7.876987e-05 4.689562e-05
4.652044e+00 9.824610e-06 2.479347e-05
4.656819e+00 2.298175e-05 2.298175e-05
4.661594e+00 2.622779e-05 3.444060e-05
4.666369e+00 0.000000e+00 0.000000e+00
4.671144e+00 1.307065e-05 3.567506e-05
4.675919e+00 -6.578572e-06 6.578572e-06
4.680694e+00 6.236669e-05 4.034552e-05
4.685469e+00 9.192702e-05 4.596351e-05
4.690244e+00 9.824610e-06 2.479347e-05
4.695019e+00 1.307065e-05 3.567506e-05
4.699794e+00 2.622779e-05 3.444060e-05
4.704569e+00 2.298175e-05 2.298175e-05
4.709344e+00 6.236669e-05 4.034552e-05
4.714119e+00 -1.315714e-05 9.303505e-06
4.718894e+00 0.000000e+00 0.000000e+00
4.723669e+00 3.280636e-05 3.380647e-05
4.728444e+00 6.894526e-05 3.980557e-05
4.733219e+00 -2.631429e-05 1.315714e-05
4.737994e+00 6.236669e-05 4.034552e-05
4.742769e+00 4.596351e-05 3.250111e-05
4.747544e+00 6.236669e-05 4.034552e-05
4.752319e+00 0.000000e+00 0.000000e+00
4.757094e+00 9.517305e-05 5.263685e-05
4.761869e+00 5.578812e-05 4.087833e-05
4.766644e+00 5.578812e-05 4.087833e-05
4.771419e+00 9.192702e-05 4.596351e-05
4.776194e+00 3.271987e-05 5.002142e-05
4.780969e+00 2.298175e-05 2.298175e-05
4.785744e+00 1.640318e-05 2.390478e-05
4.790519e+00 1.640318e-05 2.390478e-05
4.795294e+00 1.640318e-05 2.390478e-05
4.800069e+00 4.596351e-05 3.250111e-05
4.804844e+00 6.561273e-05 4.780956e-05
4.809619e+00 1.640318e-05 2.390478e-05
4.814394e+00 4.596351e-05 3.250111e-05
4.819169e+00 -1.315714e-05 9.303505e-06
4.823944e+00 2.298175e-05 2.298175e-05
4.828719e+00 -1.315714e-05 9.303505e-06
4.833494e+00 1.640318e-05 2.390478e-05
4.838269e+00 4.596351e-05 3.250111e-05
4.843044e+00 4.596351e-05 3.250111e-05
4.847819e+00 1.640318e-05 2.390478e-05
4.852594e+00 2.298175e-05 2.298175e-05
4.857369e+00 1.640318e-05 2.390478e-05
4.862144e+00 3.280636e-05 3.380647e-05
4.866919e+00 6.236669e-05 4.034552e-05
4.871694e+00 3.280636e-05 3.380647e-05
4.876469e+00 0.000000e+00 0.000000e+00
4.881244e+00 1.640318e-05 2.390478e-05
4.886019e+00 1.640318e-05 2.390478e-05
4.890794e+00 -1.315714e-05 9.303505e-06
4.895569e+00 -6.578572e-06 6.578572e-06
4.900344e+00 5.578812e-05 4.087833e-05
4.905119e+00 -1.315714e-05 9.303505e-06
4.909894e+00 -3.332533e-06 2.648153e-05
4.914669e+00 3.938494e-05 3.316021e-05
4.919444e+00 1.640318e-05 2.390478e-05
4.924219e+00 -6.578572e-06 6.578572e-06
4.928994e+00 9.824610e-06 2.479347e-05
4.933769e+00 4.596351e-05 3.250111e-05
4.938544e+00 4.920955e-05 4.140430e-05
4.943319e+00 4.920955e-05 4.140430e-05
4.948094e+00 6.236669e-05 4.034552e-05
4.952869e+00 4.596351e-05 3.250111e-05
4.957644e+00 3.280636e-05 3.380647e-05
4.962419e+00 -1.973572e-05 1.139442e-05
4.967194e+00 6.894526e-05 3.980557e-05
4.971969e+00 2.298175e-05 2.298175e-05
4.976744e+00 7.876987e-05 4.689562e-05
4.981519e+00 -1.315714e-05 9.303505e-06
4.986294e+00 0.000000e+00 0.000000e+00
4.991069e+00 7.219130e-05 4.735480e-05
4.995844e+00 2.622779e-05 3.444060e-05
5.000619e+00 6.894526e-05 3.980557e-05
5.005394e+00 0.000000e+00 0.000000e+00
5.010169e+00 6.228020e-05 5.465369e-05
5.014944e+00 4.596351e-05 3.250111e-05
5.019719e+00 2.622779e-05 3.444060e-05
5.024494e+00 4.596351e-05 3.250111e-05
5.029269e+00 3.246039e-06 2.565139e-05
5.034044e+00 3.246039e-06 2.565139e-05
5.038819e+00 4.596351e-05 3.250111e-05
5.043594e+00 1.640318e-05 2.390478e-05
5.048369e+00 -6.578572e-06 6.578572e-06
5.053144e+00 3.246039e-06 2.565139e-05
5.057919e+00 4.596351e-05 3.250111e-05
5.062694e+00 -1.315714e-05 9.303505e-06
5.067469e+00 3.938494e-05 3.316021e-05
5.072244e+00 3.280636e-05 3.380647e-05
5.077019e+00 -1.315714e-05 9.303505e-06
5.081794e+00 7.219130e-05 4.735480e-05
5.086569e+00 1.247334e-04 5.705718e-05
5.091344e+00 2.298175e-05 2.298175e-05
5.096119e+00 1.640318e-05 2.390478e-05
5.100894e+00 4.596351e-05 3.250111e-05
5.105669e+00 3.938494e-05 3.316021e-05
5.110444e+00 3.280636e-05 3.380647e-05
5.115219e+00 3.246039e-06 2.565139e-05
5.119994e+00 9.824610e-06 2.479347e-05
5.124769e+00 3.246039e-06 2.565139e-05
5.129544e+00 0.000000e+00 0.000000e+00
5.134319e+00 3.938494e-05 3.316021e-05
5.139094e+00 5.578812e-05 4.087833e-05
5.143869e+00 3.280636e-05 3.380647e-05
5.148644e+00 1.640318e-05 2.390478e-05
5.153419e+00 1.640318e-05 2.390478e-05
5.158194e+00 9.824610e-06 2.479347e-05
5.162969e+00 9.824610e-06 2.479347e-05
5.167744e+00 2.298175e-05 2.298175e-05
5.172519e+00 9.192702e-05 4.596351e-05
5.177294e+00 1.640318e-05 2.390478e-05
5.182069e+00 -3.332533e-06 2.648153e-05
5.186844e+00 1.640318e-05 2.390478e-05
5.191619e+00 9.824610e-06 2.479347e-05
5.196394e+00 7.876987e-05 4.689562e-05
5.201169e+00 -6.578572e-06 6.578572e-06
5.205944e+00 4.920955e-05 4.140430e-05
5.210719e+00 0.000000e+00 0.000000e+00
5.215494e+00 -2.631429e-05 1.315714e-05
5.220269e+00 3.605240e-05 4.243667e-05
5.225044e+00 4.596351e-05 3.250111e-05
5.229819e+00 4.596351e-05 3.250111e-05
5.234594e+00 2.298175e-05 2.298175e-05
5.239369e+00 9.824610e-06 2.479347e-05
5.244144e+00 4.596351e-05 3.250111e-05
5.248919e+00 6.236669e-05 4.034552e-05
5.253694e+00 -6.578572e-06 6.578572e-06
5.258469e+00 3.938494e-05 3.316021e-05
5.263244e+00 0.000000e+00 0.000000e+00
5.268019e+00 7.876987e-05 4.689562e-05
5.272794e+00 2.298175e-05 2.298175e-05
5.277569e+00 -6.578572e-06 6.578572e-06
5.282344e+00 3.938494e-05 3.316021e-05
5.287119e+00 6.236669e-05 4.034552e-05
5.291894e+00 3.938494e-05 3.316021e-05
5.296669e+00 1.640318e-05 2.390478e-05
5.301444e+00 -2.631429e-05 1.315714e-05
5.306219e+00 2.622779e-05 3.444060e-05
5.310994e+00 4.596351e-05 3.250111e-05
5.315769e+00 3.280636e-05 3.380647e-05
5.320544e+00 6.492078e-06 3.627654e-05
5.325319e+00 2.622779e-05 3.444060e-05
5.330094e+00 1.149088e-04 5.138876e-05
5.334869e+00 6.236669e-05 4.034552e-05
5.339644e+00 4.596351e-05 3.250111e-05
5.344419e+00 5.903416e-05 4.826005e-05
5.349194e+00 2.298175e-05 2.298175e-05
5.353969e+00 9.192702e-05 4.596351e-05
5.358744e+00 -1.973572e-05 1.139442e-05
5.363519e+00 6.236669e-05 4.034552e-05
5.368294e+00 1.640318e-05 2.390478e-05
5.373069e+00 4.920955e-05 4.140430e-05
5.377844e+00 1.542937e-04 6.115885e-05
5.382619e+00 7.876987e-05 4.689562e-05
5.387394e+00 6.236669e-05 4.034552e-05
5.392169e+00 0.000000e+00 0.000000e+00
5.396944e+00 4.263097e-05 4.192366e-05
5.401719e+00 4.596351e-05 3.250111e-05
5.406494e+00 3.938494e-05 3.316021e-05
5.411269e+00 0.000000e+00 0.000000e+00
5.416044e+00 6.236669e-05 4.034552e-05
5.420819e+00 9.824610e-06 2.479347e-05
5.425594e+00 -6.578572e-06 6.578572e-06
5.430369e+00 6.236669e-05 4.034552e-05
5.435144e+00 1.640318e-05 2.390478e-05
5.439919e+00 -1.648968e-05 2.806825e-05
5.444694e+00 2.622779e-05 3.444060e-05
5.449469e+00 2.298175e-05 2.298175e-05
5.454244e+00 2.298175e-05 2.298175e-05
5.459019e+00 6.236669e-05 4.034552e-05
5.463794e+00 1.640318e-05 2.390478e-05
5.468569e+00 -6.578572e-06 6.578572e-06
5.473344e+00 1.640318e-05 2.390478e-05
5.478119e+00 1.640318e-05 2.390478e-05
5.482894e+00 -1.315714e-05 9.303505e-06
5.487669e+00 4.596351e-05 3.250111e-05
5.492444e+00 1.149088e-04 5.138876e-05
5.497219e+00 9.517305e-05 5.263685e-05
5.501994e+00 1.640318e-05 2.390478e-05
5.506769e+00 5.578812e-05 4.087833e-05
5.511544e+00 2.622779e-05 3.444060e-05
5.516319e+00 9.192702e-05 4.596351e-05
5.521094e+00 4.920955e-05 4.140430e-05
5.525869e+00 3.246039e-06 2.565139e-05
5.530644e+00 3.280636e-05 3.380647e-05
5.535419e+00 3.246039e-06 2.565139e-05
5.540194e+00 -9.911105e-06 2.728643e-05
5.544969e+00 2.622779e-05 3.444060e-05
5.549744e+00 -6.578572e-06 6.578572e-06
5.554519e+00 4.596351e-05 3.250111e-05
5.559294e+00 4.263097e-05 4.192366e-05
5.564069e+00 4.596351e-05 3.250111e-05
5.568844e+00 -1.315714e-05 9.303505e-06
5.573619e+00 6.894526e-05 3.980557e-05
5.578394e+00 1.640318e-05 2.390478e-05
5.583169e+00 9.824610e-06 2.479347e-05
5.587944e+00 4.596351e-05 3.250111e-05
5.592719e+00 1.083302e-04 5.180813e-05
5.597494e+00 3.938494e-05 3.316021e-05
5.602269e+00 3.938494e-05 3.316021e-05
5.607044e+00 1.640318e-05 2.390478e-05
5.611819e+00 3.246039e-06 2.565139e-05
5.616594e+00 1.542937e-04 6.115885e-05
5.621369e+00 3.938494e-05 3.316021e-05
5.626144e+00 0.000000e+00 0.000000e+00
5.630919e+00 3.280636e-05 3.380647e-05
5.635694e+00 0.000000e+00 0.000000e+00
5.640469e+00 3.938494e-05 3.316021e-05
5.645244e+00 4.596351e-05 3.250111e-05
5.650019e+00 2.298175e-05 2.298175e-05
5.654794e+00 9.824610e-06 2.479347e-05
5.659569e+00 3.280636e-05 3.380647e-05
5.664344e+00 1.640318e-05 2.390478e-05
5.669119e+00 -1.315714e-05 9.303505e-06
5.673894e+00 -6.578572e-06 6.578572e-06
5.678669e+00 9.192702e-05 4.596351e-05
5.683444e+00 -6.578572e-06 6.578572e-06
5.688219e+00 0.000000e+00 0.000000e+00
5.692994e+00 0.000000e+00 0.000000e+00
5.697769e+00 6.236669e-05 4.034552e-05
5.702544e+00 6.236669e-05 4.034552e-05
5.707319e+00 1.640318e-05 2.390478e-05
5.712094e+00 9.824610e-06 2.479347e-05
5.716869e+00 1.640318e-05 2.390478e-05
5.721644e+00 3.280636e-05 3.380647e-05
5.726419e+00 3.938494e-05 3.316021e-05
5.731194e+00 3.938494e-05 3.316021e-05
5.735969e+00 -1.324364e-05 3.802395e-05
5.740744e+00 -1.315714e-05 9.303505e-06
5.745519e+00 -1.315714e-05 9.303505e-06
5.750294e+00 2.298175e-05 2.298175e-05
5.755069e+00 9.824610e-06 2.479347e-05
5.759844e+00 6.236669e-05 4.034552e-05
5.764619e+00 9.192702e-05 4.596351e-05
5.769394e+00 4.920955e-05 4.140430e-05
5.774169e+00 2.622779e-05 3.444060e-05
5.778944e+00 9.192702e-05 4.596351e-05
5.783719e+00 6.236669e-05 4.034552e-05
5.788494e+00 0.000000e+00 0.000000e+00
5.793269e+00 1.640318e-05 2.390478e-05
5.798044e+00 1.083302e-04 5.180813e-05
5.802819e+00 2.622779e-05 3.444060e-05
5.807594e+00 1.640318e-05 2.390478e-05
5.812369e+00 3.280636e-05 3.380647e-05
5.817144e+00 1.640318e-05 2.390478e-05
5.821919e+00 2.298175e-05 2.298175e-05
5.826694e+00 1.247334e-04 5.705718e-05
5.831469e+00 2.298175e-05 2.298175e-05
5.836244e+00 9.517305e-05 5.263685e-05
5.841019e+00 -1.315714e-05 9.303505e-06
5.845794e+00 -1.973572e-05 1.139442e-05
5.850569e+00 6.894526e-05 3.980557e-05
5.855344e+00 5.903416e-05 4.826005e-05
5.860119e+00 6.236669e-05 4.034552e-05
5.864894e+00 4.596351e-05 3.250111e-05
5.869669e+00 1.640318e-05 2.390478e-05
5.874444e+00 0.000000e+00 0.000000e+00
5.879219e+00 7.876987e-05 4.689562e-05
5.883994e+00 9.841909e-05 5.855452e-05
5.888769e+00 -6.578572e-06 6.578572e-06
5.893544e+00 4.596351e-05 3.250111e-05
5.898319e+00 2.622779e-05 3.444060e-05
5.903094e+00 4.920955e-05 4.140430e-05
5.907869e+00 1.640318e-05 2.390478e-05
5.912644e+00 0.000000e+00 0.000000e+00
5.917419e+00 6.236669e-05 4.034552e-05
5.922194e+00 3.246039e-06 2.565139e-05
5.926969e+00 3.938494e-05 3.316021e-05
5.931744e+00 2.298175e-05 2.298175e-05
5.936519e+00 6.236669e-05 4.034552e-05
5.941294e+00 -2.631429e-05 1.315714e-05
5.946069e+00 0.000000e+00 0.000000e+00
5.950844e+00 5.245559e-05 4.870636e-05
5.955619e+00 0.000000e+00 0.000000e+00
5.960394e+00 2.622779e-05 3.444060e-05
5.965169e+00 1.640318e-05 2.390478e-05
5.969944e+00 4.263097e-05 4.192366e-05
5.974719e+00 3.246039e-06 2.565139e-05
5.979494e+00 1.640318e-05 2.390478e-05
5.984269e+00 8.534844e-05 4.643190e-05
5.989044e+00 2.298175e-05 2.298175e-05
5.993819e+00 6.236669e-05 4.034552e-05
5.998594e+00 1.640318e-05 2.390478e-05
6.003369e+00 6.561273e-05 4.780956e-05
6.008144e+00 -6.578572e-06 6.578572e-06
6.012919e+00 3.280636e-05 3.380647e-05
6.017694e+00 -1.315714e-05 9.303505e-06
6.022469e+00 4.596351e-05 3.250111e-05
6.027244e+00 1.149088e-04 5.138876e-05
6.032019e+00 4.920955e-05 4.140430e-05
6.036794e+00 3.246039e-06 2.565139e-05
6.041569e+00 4.920955e-05 4.140430e-05
6.046344e+00 2.298175e-05 2.298175e-05
6.051119e+00 6.236669e-05 4.034552e-05
6.055894e+00 6.236669e-05 4.034552e-05
6.060669e+00 5.578812e-05 4.087833e-05
6.065444e+00 6.236669e-05 4.034552e-05
6.070219e+00 -1.315714e-05 9.303505e-06
6.074994e+00 5.578812e-05 4.087833e-05
6.079769e+00 1.640318e-05 2.390478e-05
6.084544e+00 -1.315714e-05 9.303505e-06
6.089319e+00 1.640318e-05 2.390478e-05
6.094094e+00 3.938494e-05 3.316021e-05
6.098869e+00 1.640318e-05 2.390478e-05
6.103644e+00 4.596351e-05 3.250111e-05
6.108419e+00 0.000000e+00 0.000000e+00
6.113194e+00 6.236669e-05 4.034552e-05
6.117969e+00 8.534844e-05 4.643190e-05
6.122744e+00 4.596351e-05 3.250111e-05
6.127519e+00 3.280636e-05 3.380647e-05
6.132294e+00 3.938494e-05 3.316021e-05
6.137069e+00 3.280636e-05 3.380647e-05
6.141844e+00 -6.578572e-06 6.578572e-06
6.146619e+00 -6.578572e-06 6.578572e-06
6.151394e+00 3.246039e-06 2.565139e-05
6.156169e+00 1.964922e-05 3.506326e-05
6.160944e+00 1.640318e-05 2.390478e-05
6.165719e+00 1.640318e-05 2.390478e-05
6.170494e+00 6.236669e-05 4.034552e-05
6.175269e+00 7.219130e-05 4.735480e-05
6.180044e+00 0.000000e+00 0.000000e+00
6.184819e+00 2.298175e-05 2.298175e-05
6.189594e+00 2.622779e-05 3.444060e-05
6.194369e+00 0.000000e+00 0.000000e+00
6.199144e+00 1.247334e-04 5.705718e-05
6.203919e+00 3.280636e-05 3.380647e-05
6.208694e+00 1.083302e-04 5.180813e-05
6.213469e+00 3.280636e-05 3.380647e-05
6.218244e+00 1.640318e-05 2.390478e-05
6.223019e+00 -1.315714e-05 9.303505e-06
6.227794e+00 -1.973572e-05 1.139442e-05
6.232569e+00 2.298175e-05 2.298175e-05
6.237344e+00 2.298175e-05 2.298175e-05
6.242119e+00 7.876987e-05 4.689562e-05
6.246894e+00 4.596351e-05 3.250111e-05
6.251669e+00 -6.578572e-06 6.578572e-06
6.256444e+00 4.596351e-05 3.250111e-05
6.261219e+00 1.640318e-05 2.390478e-05
6.265994e+00 0.000000e+00 0.000000e+00
6.270769e+00 -6.578572e-06 6.578572e-06
6.275544e+00 3.938494e-05 3.316021e-05
6.280319e+00 3.280636e-05 3.380647e-05
6.285094e+00 6.894526e-05 3.980557e-05
6.289869e+00 3.246039e-06 2.565139e-05
6.294644e+00 3.938494e-05 3.316021e-05
6.299419e+00 4.596351e-05 3.250111e-05
6.304194e+00 -3.332533e-06 2.648153e-05
6.308969e+00 5.578812e-05 4.087833e-05
6.313744e+00 3.280636e-05 3.380647e-05
6.318519e+00 3.938494e-05 3.316021e-05
6.323294e+00 6.894526e-05 3.980557e-05
6.328069e+00 1.640318e-05 2.390478e-05
6.332844e+00 0.000000e+00 0.000000e+00
6.337619e+00 -6.578572e-06 6.578572e-06
6.342394e+00 4.920955e-05 4.140430e-05
6.347169e+00 7.219130e-05 4.735480e-05
6.351944e+00 -1.315714e-05 9.303505e-06
6.356719e+00 1.640318e-05 2.390478e-05
6.361494e+00 3.280636e-05 3.380647e-05
6.366269e+00 3.246039e-06 2.565139e-05
6.371044e+00 -6.578572e-06 6.578572e-06
6.375819e+00 7.219130e-05 4.735480e-05
6.380594e+00 -6.578572e-06 6.578572e-06
6.385369e+00 9.824610e-06 2.479347e-05
6.390144e+00 1.640318e-05 2.390478e-05
6.394919e+00 3.605240e-05 4.243667e-05
6.399694e+00 3.938494e-05 3.316021e-05
6.404469e+00 2.298175e-05 2.298175e-05
6.409244e+00 4.596351e-05 3.250111e-05
6.414019e+00 -6.578572e-06 6.578572e-06
6.418794e+00 4.596351e-05 3.250111e-05
6.423569e+00 7.876987e-05 4.689562e-05
6.428344e+00 3.246039e-06 2.565139e-05
6.433119e+00 2.298175e-05 2.298175e-05
6.437894e+00 0.000000e+00 0.000000e+00
6.442669e+00 1.964922e-05 3.506326e-05
6.447444e+00 1.181548e-04 5.743517e-05
6.452219e+00 1.083302e-04 5.180813e-05
6.456994e+00 3.938494e-05 3.316021e-05
6.461769e+00 3.280636e-05 3.380647e-05
6.466544e+00 3.280636e-05 3.380647e-05
6.471319e+00 1.149088e-04 5.138876e-05
6.476094e+00 -3.332533e-06 2.648153e-05
6.480869e+00 0.000000e+00 0.000000e+00
6.485644e+00 9.192702e-05 4.596351e-05
6.490419e+00 -1.973572e-05 1.139442e-05
6.495194e+00 6.894526e-05 3.980557e-05
6.499969e+00 2.622779e-05 3.444060e-05
6.504744e+00 -1.315714e-05 9.303505e-06
6.509519e+00 2.622779e-05 3.444060e-05
6.514294e+00 -4.280396e-05 3.099898e-05
6.519069e+00 -1.315714e-05 9.303505e-06
6.523844e+00 2.298175e-05 2.298175e-05
6.528619e+00 3.938494e-05 3.316021e-05
6.533394e+00 2.622779e-05 3.444060e-05
6.538169e+00 3.280636e-05 3.380647e-05
6.542944e+00 5.578812e-05 4.087833e-05
6.547719e+00 6.236669e-05 4.034552e-05
6.552494e+00 -9.911105e-06 2.728643e-05
6.557269e+00 3.246039e-06 2.565139e-05
6.562044e+00 -6.578572e-06 6.578572e-06
6.566819e+00 6.894526e-05 3.980557e-05
6.571594e+00 2.622779e-05 3.444060e-05
6.576369e+00 1.640318e-05 2.390478e-05
6.581144e+00 6.236669e-05 4.034552e-05
6.585919e+00 -6.578572e-06 6.578572e-06
6.590694e+00 2.298175e-05 2.298175e-05
6.595469e+00 9.824610e-06 2.479347e-05
6.600244e+00 3.938494e-05 3.316021e-05
6.605019e+00 1.640318e-05 2.390478e-05
6.609794e+00 9.824610e-06 2.479347e-05
6.614569e+00 2.298175e-05 2.298175e-05
6.619344e+00 1.345580e-04 6.221123e-05
6.624119e+00 2.298175e-05 2.298175e-05
6.628894e+00 6.561273e-05 4.780956e-05
6.633669e+00 6.561273e-05 4.780956e-05
6.638444e+00 1.149088e-04 5.138876e-05
6.643219e+00 1.083302e-04 5.180813e-05
6.647994e+00 3.246039e-06 2.565139e-05
6.652769e+00 9.824610e-06 2.479347e-05
6.657544e+00 3.280636e-05 3.380647e-05
6.662319e+00 -6.578572e-06 6.578572e-06
6.667094e+00 -6.578572e-06 6.578572e-06
6.671869e+00 2.298175e-05 2.298175e-05
6.676644e+00 4.263097e-05 4.192366e-05
6.681419e+00 0.000000e+00 0.000000e+00
6.686194e+00 -6.578572e-06 6.578572e-06
6.690969e+00 3.938494e-05 3.316021e-05
6.695744e+00 2.298175e-05 2.298175e-05
6.700519e+00 6.236669e-05 4.034552e-05
6.705294e+00 0.000000e+00 0.000000e+00
6.710069e+00 8.534844e-05 4.643190e-05
6.714844e+00 6.561273e-05 4.780956e-05
6.719619e+00 -6.578572e-06 6.578572e-06
6.724394e+00 -6.578572e-06 6.578572e-06
6.729169e+00 2.298175e-05 2.298175e-05
6.733944e+00 2.622779e-05 3.444060e-05
6.738719e+00 -3.947143e-05 1.611414e-05
6.743494e+00 0.000000e+00 0.000000e+00
6.748269e+00 -6.578572e-06 6.578572e-06
6.753044e+00 0.000000e+00 0.000000e+00
6.757819e+00 -1.315714e-05 9.303505e-06
6.762594e+00 -6.578572e-06 6.578572e-06
6.767369e+00 -1.973572e-05 1.139442e-05
6.772144e+00 -6.578572e-06 6.578572e-06
6.776919e+00 -6.578572e-06 6.578572e-06
6.781694e+00 -2.631429e-05 1.315714e-05
6.786469e+00 -2.631429e-05 1.315714e-05
6.791244e+00 -1.315714e-05 9.303505e-06
6.796019e+00 -6.578572e-06 6.578572e-06
6.800794e+00 9.824610e-06 2.479347e-05
6.805569e+00 1.640318e-05 2.390478e-05
6.810344e+00 -3.947143e-05 1.611414e-05
6.815119e+00 -2.631429e-05 1.315714e-05
6.819894e+00 9.824610e-06 2.479347e-05
6.824669e+00 -6.578572e-06 6.578572e-06
6.829444e+00 -1.973572e-05 1.139442e-05
6.834219e+00 -1.973572e-05 1.139442e-05
6.838994e+00 -1.973572e-05 1.139442e-05
6.843769e+00 0.000000e+00 0.000000e+00
6.848544e+00 -1.973572e-05 1.139442e-05
6.853319e+00 -9.911105e-06 2.728643e-05
6.858094e+00 9.824610e-06 2.479347e-05
6.862869e+00 -1.315714e-05 9.303505e-06
6.867644e+00 3.246039e-06 2.565139e-05
6.872419e+00 -1.315714e-05 9.303505e-06
6.877194e+00 -6.578572e-06 6.578572e-06
6.881969e+00 -3.947143e-05 1.611414e-05
6.886744e+00 2.622779e-05 3.444060e-05
6.891519e+00 -6.578572e-05 2.080327e-05
6.896294e+00 -4.605000e-05 1.740526e-05
6.901069e+00 -3.947143e-05 1.611414e-05
6.905844e+00 -3.947143e-05 1.611414e-05
6.910619e+00 -9.997599e-06 4.586736e-05
6.915394e+00 -3.622539e-05 3.029289e-05
6.920169e+00 -5.596111e-05 3.236499e-05
6.924944e+00 -1.333013e-05 5.296306e-05
6.929719e+00 -1.217468e-04 3.847426e-05
6.934494e+00 -1.283254e-04 3.903263e-05
6.939269e+00 -1.249929e-04 2.867533e-05
6.944044e+00 -1.383230e-04 6.022757e-05
6.948819e+00 -2.007762e-04 5.795571e-05
6.953594e+00 -2.072683e-04 4.519820e-05
6.958369e+00 -1.843730e-04 6.269213e-05
6.963144e+00 -1.384095e-04 7.061604e-05
6.967919e+00 -3.060333e-04 6.364987e-05
6.972694e+00 -2.402476e-04 6.015422e-05
6.977469e+00 -2.962087e-04 6.830829e-05
6.982244e+00 -4.442698e-04 7.949466e-05
6.987019e+00 -2.404206e-04 7.960566e-05
6.991794e+00 -4.277801e-04 7.437456e-05
6.996569e+00 -2.372611e-04 9.140197e-05
7.001344e+00 -5.266317e-04 9.433594e-05
7.006119e+00 -2.013816e-04 1.134624e-04
7.010894e+00 -3.822491e-04 1.156902e-04
7.015669e+00 -5.465404e-04 1.083865e-04
7.020444e+00 -6.289888e-04 1.252468e-04
7.025219e+00 -6.553896e-04 1.312217e-04
7.029994e+00 -8.691499e-04 1.339628e-04
7.034769e+00 -9.939698e-04 1.266877e-04
7.039544e+00 -9.184460e-04 1.326310e-04
7.044319e+00 -8.629173e-04 1.527737e-04
7.049094e+00 -9.978213e-04 1.578184e-04
7.053869e+00 -1.250794e-03 1.477004e-04
7.058644e+00 -1.270962e-03 1.695334e-04
7.063419e+00 -1.366394e-03 1.733457e-04
7.068194e+00 -1.714972e-03 1.760203e-04
7.072969e+00 -1.399201e-03 1.700172e-04
7.077744e+00 -1.718305e-03 1.780012e-04
7.082519e+00 -1.814256e-03 2.028477e-04
7.087294e+00 -1.902851e-03 1.957888e-04
7.092069e+00 -1.951887e-03 1.841207e-04
7.096844e+00 -2.406587e-03 2.216302e-04
7.101619e+00 -1.853814e-03 2.067997e-04
7.106394e+00 -2.626839e-03 2.202972e-04
7.111169e+00 -2.521842e-03 2.278513e-04
7.115944e+00 -2.604550e-03 2.448125e-04
7.120719e+00 -2.440691e-03 2.614691e-04
7.125494e+00 -3.002251e-03 2.404039e-04
7.130269e+00 -2.871198e-03 2.551158e-04
7.135044e+00 -3.377316e-03 2.482340e-04
7.139819e+00 -3.287856e-03 2.254803e-04
7.144594e+00 -3.124603e-03 2.622768e-04
7.149369e+00 -3.006880e-03 2.808634e-04
7.154144e+00 -3.851059e-03 2.570902e-04
7.158919e+00 -3.156890e-03 2.439071e-04
7.163694e+00 -3.287205e-03 3.037718e-04
7.168469e+00 -3.298719e-03 2.579493e-04
7.173244e+00 -3.930781e-03 2.807990e-04
7.178019e+00 -3.585362e-03 2.754930e-04
7.182794e+00 -3.698495e-03 3.114820e-04
7.187569e+00 -3.641669e-03 2.870208e-04
7.192344e+00 -3.393805e-03 2.498158e-04
7.197119e+00 -3.177058e-03 2.577146e-04
7.201894e+00 -4.038851e-03 2.684887e-04
7.206669e+00 -3.720093e-03 2.733947e-04
7.211444e+00 -3.762292e-03 2.572756e-04
7.216219e+00 -3.800161e-03 3.048515e-04
7.220994e+00 -3.690446e-03 2.717909e-04
7.225769e+00 -3.163036e-03 2.296467e-04
7.230544e+00 -4.049800e-03 2.985665e-04
7.235319e+00 -3.042327e-03 2.599395e-04
7.240094e+00 -2.762349e-03 2.441568e-04
7.244869e+00 -3.793150e-03 2.934192e-04
7.249644e+00 -3.134168e-03 2.531731e-04
7.254419e+00 -3.541607e-03 2.449153e-04
7.259194e+00 -3.305124e-03 2.527105e-04
7.263969e+00 -3.082231e-03 2.731749e-04
7.268744e+00 -3.463356e-03 2.652137e-04
7.273519e+00 -2.511931e-03 2.262116e-04
7.278294e+00 -2.518163e-03 2.139577e-04
7.283069e+00 -3.328366e-03 2.596386e-04
7.287844e+00 -2.294665e-03 2.168524e-04
7.292619e+00 -2.366683e-03 2.050950e-04
7.297394e+00 -2.024165e-03 1.817064e-04
7.302169e+00 -2.712793e-03 2.364102e-04
7.306944e+00 -1.669528e-03 2.004871e-04
7.311719e+00 -2.408882e-03 1.830575e-04
7.316494e+00 -1.926178e-03 2.079475e-04
7.321269e+00 -1.908824e-03 1.698873e-04
7.326044e+00 -1.297622e-03 1.853422e-04
7.330819e+00 -1.540683e-03 1.746881e-04
7.335594e+00 -1.287538e-03 1.757517e-04
7.340369e+00 -1.352978e-03 1.608862e-04
7.345144e+00 -1.418590e-03 1.536184e-04
7.349919e+00 -1.099659e-03 1.534228e-04
7.354694e+00 -1.106065e-03 1.444413e-04
7.359469e+00 -1.082910e-03 1.366489e-04
7.364244e+00 -1.007732e-03 1.601599e-04
7.369019e+00 -7.838015e-04 1.417814e-04
7.373794e+00 -6.159181e-04 1.302286e-04
7.378569e+00 -7.671388e-04 1.288239e-04
7.383344e+00 -7.110047e-04 1.132677e-04
7.388119e+00 -4.874198e-04 1.127714e-04
7.392894e+00 -7.271484e-04 9.044522e-05
7.397669e+00 -2.508507e-04 1.234391e-04
7.402444e+00 -6.879365e-04 1.095375e-04
7.407219e+00 -3.294475e-04 1.015848e-04
7.411994e+00 -4.282126e-04 1.110311e-04
7.416769e+00 -2.043682e-04 9.021049e-05
7.421544e+00 -3.525158e-04 1.055963e-04
7.426319e+00 -3.224365e-04 5.899041e-05
7.431094e+00 -2.305960e-04 8.337732e-05
7.435869e+00 -9.586501e-05 9.001935e-05
7.440644e+00 -2.828786e-04 4.313858e-05
7.445419e+00 -2.107738e-04 7.390994e-05
7.450194e+00 -1.023571e-04 8.238626e-05
7.454969e+00 -1.843730e-04 6.269213e-05
7.459744e+00 -1.218333e-04 5.328727e-05
7.464519e+00 -1.744619e-04 5.644249e-05
7.469294e+00 -1.990870e-05 5.337006e-05
7.474069e+00 -7.253728e-05 5.652065e-05
7.478844e+00 -7.245078e-05 4.284062e-05
7.483619e+00 -5.938013e-05 5.574970e-05
7.488394e+00 -5.920715e-05 1.973572e-05
7.493169e+00 -5.920715e-05 1.973572e-05
7.497944e+00 -3.297935e-05 3.969450e-05
7.502719e+00 6.492078e-06 3.627654e-05
7.507494e+00 -8.552143e-05 2.371938e-05
7.512269e+00 -4.605000e-05 1.740526e-05
7.517044e+00 -3.955792e-05 4.023594e-05
7.521819e+00 -3.947143e-05 1.611414e-05
7.526594e+00 3.605240e-05 4.243667e-05
7.531369e+00 -2.631429e-05 1.315714e-05
7.536144e+00 -1.315714e-05 9.303505e-06
7.540919e+00 9.824610e-06 2.479347e-05
7.545694e+00 -1.973572e-05 1.139442e-05
7.550469e+00 -2.306825e-05 2.882888e-05
7.555244e+00 -3.289286e-05 1.471013e-05
7.560019e+00 -6.578572e-06 6.578572e-06
7.564794e+00 -2.964682e-05 2.956995e-05
7.569569e+00 -6.578572e-06 6.578572e-06
7.574344e+00 -6.578572e-06 6.578572e-06
7.579119e+00 -6.578572e-06 6.578572e-06
7.583894e+00 -6.578572e-06 6.578572e-06
7.588669e+00 -2.631429e-05 1.315714e-05
7.593444e+00 -6.578572e-06 6.578572e-06
7.598219e+00 0.000000e+00 0.000000e+00
7.602994e+00 3.938494e-05 3.316021e-05
7.607769e+00 -3.289286e-05 1.471013e-05
7.612544e+00 -1.315714e-05 9.303505e-06
7.617319e+00 -1.315714e-05 9.303505e-06
7.622094e+00 0.000000e+00 0.000000e+00
7.626869e+00 -1.315714e-05 9.303505e-06
7.631644e+00 -6.578572e-06 6.578572e-06
7.636419e+00 1.640318e-05 2.390478e-05
7.641194e+00 1.307065e-05 3.567506e-05
7.645969e+00 1.640318e-05 2.390478e-05
7.650744e+00 -6.578572e-06 6.578572e-06
7.655519e+00 3.938494e-05 3.316021e-05
7.660294e+00 -1.973572e-05 1.139442e-05
7.665069e+00 -1.315714e-05 9.303505e-06
7.669844e+00 -6.578572e-06 6.578572e-06
7.674619e+00 -6.665066e-06 3.745054e-05
7.679394e+00 0.000000e+00 0.000000e+00
7.684169e+00 4.596351e-05 3.250111e-05
7.688944e+00 -6.578572e-06 6.578572e-06
7.693719e+00 4.263097e-05 4.192366e-05
7.698494e+00 -3.289286e-05 1.471013e-05
7.703269e+00 3.938494e-05 3.316021e-05
7.708044e+00 2.298175e-05 2.298175e-05
7.712819e+00 3.938494e-05 3.316021e-05
7.717594e+00 3.938494e-05 3.316021e-05
7.722369e+00 2.298175e-05 2.298175e-05
7.727144e+00 3.938494e-05 3.316021e-05
7.731919e+00 4.920955e-05 4.140430e-05
7.736694e+00 3.938494e-05 3.316021e-05
7.741469e+00 1.640318e-05 2.390478e-05
7.746244e+00 -6.578572e-06 6.578572e-06
7.751019e+00 0.000000e+00 0.000000e+00
7.755794e+00 -6.578572e-06 6.578572e-06
7.760569e+00 -3.332533e-06 2.648153e-05
7.765344e+00 -6.578572e-06 6.578572e-06
7.770119e+00 3.280636e-05 3.380647e-05
7.774894e+00 1.345580e-04 6.221123e-05
7.779669e+00 4.596351e-05 3.250111e-05
7.784444e+00 0.000000e+00 0.000000e+00
7.789219e+00 1.640318e-05 2.390478e-05
7.793994e+00 3.280636e-05 3.380647e-05
7.798769e+00 1.640318e-05 2.390478e-05
7.803544e+00 -6.578572e-06 6.578572e-06
7.808319e+00 -6.578572e-06 6.578572e-06
7.813094e+00 2.298175e-05 2.298175e-05
7.817869e+00 1.640318e-05 2.390478e-05
7.822644e+00 3.938494e-05 3.316021e-05
7.827419e+00 -6.578572e-06 6.578572e-06
7.832194e+00 2.298175e-05 2.298175e-05
7.836969e+00 -6.578572e-06 6.578572e-06
7.841744e+00 -1.315714e-05 9.303505e-06
7.846519e+00 1.640318e-05 2.390478e-05
7.851294e+00 5.578812e-05 4.087833e-05
7.856069e+00 3.938494e-05 3.316021e-05
7.860844e+00 -3.332533e-06 2.648153e-05
7.865619e+00 2.622779e-05 3.444060e-05
7.870394e+00 4.596351e-05 3.250111e-05
7.875169e+00 1.083302e-04 5.180813e-05
7.879944e+00 0.000000e+00 0.000000e+00
7.884719e+00 1.640318e-05 2.390478e-05
7.889494e+00 1.640318e-05 2.390478e-05
7.894269e+00 4.920955e-05 4.140430e-05
7.899044e+00 3.280636e-05 3.380647e-05
7.903819e+00 2.622779e-05 3.444060e-05
7.908594e+00 3.246039e-06 2.565139e-05
7.913369e+00 -3.332533e-06 2.648153e-05
7.918144e+00 0.000000e+00 0.000000e+00
7.922919e+00 -1.315714e-05 9.303505e-06
7.927694e+00 1.640318e-05 2.390478e-05
7.932469e+00 0.000000e+00 0.000000e+00
7.937244e+00 3.280636e-05 3.380647e-05
7.942019e+00 3.280636e-05 3.380647e-05
7.946794e+00 -1.315714e-05 9.303505e-06
7.951569e+00 0.000000e+00 0.000000e+00
7.956344e+00 -4.605000e-05 1.740526e-05
7.961119e+00 2.298175e-05 2.298175e-05
7.965894e+00 3.280636e-05 3.380647e-05
7.970669e+00 1.640318e-05 2.390478e-05
7.975444e+00 7.219130e-05 4.735480e-05
7.980219e+00 2.298175e-05 2.298175e-05
7.984994e+00 5.578812e-05 4.087833e-05
7.989769e+00 -1.315714e-05 9.303505e-06
7.994544e+00 2.622779e-05 3.444060e-05
7.999319e+00 3.938494e-05 3.316021e-05
8.004094e+00 6.236669e-05 4.034552e-05
8.008869e+00 3.929844e-05 4.958694e-05
8.013644e+00 2.298175e-05 2.298175e-05
8.018419e+00 -3.332533e-06 2.648153e-05
8.023194e+00 0.000000e+00 0.000000e+00
8.027969e+00 9.824610e-06 2.479347e-05
8.032744e+00 0.000000e+00 0.000000e+00
8.037519e+00 -6.578572e-06 6.578572e-06
8.042294e+00 4.596351e-05 3.250111e-05
8.047069e+00 0.000000e+00 0.000000e+00
8.051844e+00 -1.315714e-05 9.303505e-06
8.056619e+00 0.000000e+00 0.000000e+00
8.061394e+00 2.298175e-05 2.298175e-05
8.066169e+00 1.640318e-05 2.390478e-05
8.070944e+00 2.298175e-05 2.298175e-05
8.075719e+00 6.236669e-05 4.034552e-05
8.080494e+00 -6.578572e-06 6.578572e-06
8.085269e+00 9.824610e-06 2.479347e-05
8.090044e+00 -6.578572e-06 6.578572e-06
8.094819e+00 2.298175e-05 2.298175e-05
8.099594e+00 3.280636e-05 3.380647e-05
8.104369e+00 -1.315714e-05 9.303505e-06
8.109144e+00 -6.578572e-06 6.578572e-06
8.113919e+00 1.640318e-05 2.390478e-05
8.118694e+00 -6.578572e-06 6.578572e-06
8.123469e+00 0.000000e+00 0.000000e+00
8.128244e+00 9.824610e-06 2.479347e-05
8.133019e+00 9.824610e-06 2.479347e-05
8.137794e+00 0.000000e+00 0.000000e+00
8.142569e+00 -1.315714e-05 9.303505e-06
8.147344e+00 9.824610e-06 2.479347e-05
8.152119e+00 -1.973572e-05 1.139442e-05
8.156894e+00 2.298175e-05 2.298175e-05
8.161669e+00 -2.631429e-05 1.315714e-05
8.166444e+00 -6.578572e-06 6.578572e-06
8.171219e+00 2.298175e-05 2.298175e-05
8.175994e+00 3.280636e-05 3.380647e-05
8.180769e+00 -6.578572e-06 6.578572e-06
8.185544e+00 1.640318e-05 2.390478e-05
8.190319e+00 -6.578572e-06 6.578572e-06
8.195094e+00 -6.578572e-06 6.578572e-06
8.199869e+00 3.246039e-06 2.565139e-05
8.204644e+00 0.000000e+00 0.000000e+00
8.209419e+00 -6.578572e-06 6.578572e-06
8.214194e+00 -2.631429e-05 1.315714e-05
8.218969e+00 0.000000e+00 0.000000e+00
8.223744e+00 -6.578572e-06 6.578572e-06
8.228519e+00 0.000000e+00 0.000000e+00
8.233294e+00 -6.578572e-06 6.578572e-06
8.238069e+00 -6.578572e-06 6.578572e-06
8.242844e+00 2.298175e-05 2.298175e-05
8.247619e+00 0.000000e+00 0.000000e+00
8.252394e+00 3.938494e-05 3.316021e-05
8.257169e+00 2.622779e-05 3.444060e-05
8.261944e+00 2.298175e-05 2.298175e-05
8.266719e+00 1.640318e-05 2.390478e-05
8.271494e+00 -1.973572e-05 1.139442e-05
8.276269e+00 -6.578572e-06 6.578572e-06
8.281044e+00 0.000000e+00 0.000000e+00
8.285819e+00 -1.973572e-05 1.139442e-05
8.290594e+00 -2.631429e-05 1.315714e-05
8.295369e+00 0.000000e+00 0.000000e+00
8.300144e+00 1.640318e-05 2.390478e-05
8.304919e+00 9.824610e-06 2.479347e-05
8.309694e+00 -1.315714e-05 9.303505e-06
8.314469e+00 -1.315714e-05 9.303505e-06
8.319244e+00 1.964922e-05 3.506326e-05
8.324019e+00 2.298175e-05 2.298175e-05
8.328794e+00 -2.631429e-05 1.315714e-05
8.333569e+00 -6.578572e-06 6.578572e-06
8.338344e+00 2.298175e-05 2.298175e-05
8.343119e+00 -1.973572e-05 1.139442e-05
8.347894e+00 9.824610e-06 2.479347e-05
8.352669e+00 -1.315714e-05 9.303505e-06
8.357444e+00 -1.315714e-05 9.303505e-06
8.362219e+00 -6.578572e-06 6.578572e-06
8.366994e+00 -1.973572e-05 1.139442e-05
8.371769e+00 9.824610e-06 2.479347e-05
8.376544e+00 1.640318e-05 2.390478e-05
8.381319e+00 0.000000e+00 0.000000e+00
8.386094e+00 -1.315714e-05 9.303505e-06
8.390869e+00 0.000000e+00 0.000000e+00
8.395644e+00 -6.578572e-06 6.578572e-06
8.400419e+00 -1.315714e-05 9.303505e-06
8.405194e+00 9.824610e-06 2.479347e-05
8.409969e+00 -1.315714e-05 9.303505e-06
8.414744e+00 2.622779e-05 3.444060e-05
8.419519e+00 0.000000e+00 0.000000e+00
8.424294e+00 -1.973572e-05 1.139442e-05
8.429069e+00 0.000000e+00 0.000000e+00
8.433844e+00 2.298175e-05 2.298175e-05
8.438619e+00 4.920955e-05 4.140430e-05
8.443394e+00 -1.315714e-05 9.303505e-06
8.448169e+00 -3.289286e-05 1.471013e-05
8.452944e+00 1.640318e-05 2.390478e-05
8.457719e+00 9.824610e-06 2.479347e-05
8.462494e+00 1.640318e-05 2.390478e-05
8.467269e+00 5.578812e-05 4.087833e-05
8.472044e+00 0.000000e+00 0.000000e+00
8.476819e+00 2.622779e-05 3.444060e-05
8.481594e+00 -2.631429e-05 1.315714e-05
8.486369e+00 0.000000e+00 0.000000e+00
8.491144e+00 9.824610e-06 2.479347e-05
8.495919e+00 -6.578572e-06 6.578572e-06
8.500694e+00 -1.973572e-05 1.139442e-05
8.505469e+00 -1.315714e-05 9.303505e-06
8.510244e+00 -1.315714e-05 9.303505e-06
8.515019e+00 -1.315714e-05 9.303505e-06
8.519794e+00 -6.578572e-06 6.578572e-06
8.524569e+00 -6.578572e-06 6.578572e-06
8.529344e+00 3.929844e-05 4.958694e-05
8.534119e+00 0.000000e+00 0.000000e+00
8.538894e+00 9.824610e-06 2.479347e-05
8.543669e+00 -2.631429e-05 1.315714e-05
8.548444e+00 1.640318e-05 2.390478e-05
8.553219e+00 -6.578572e-06 6.578572e-06
8.557994e+00 -1.315714e-05 9.303505e-06
8.562769e+00 1.640318e-05 2.390478e-05
8.567544e+00 -6.578572e-06 6.578572e-06
8.572319e+00 -3.289286e-05 1.471013e-05
8.577094e+00 -2.631429e-05 1.315714e-05
8.581869e+00 2.298175e-05 2.298175e-05
8.586644e+00 -6.578572e-06 6.578572e-06
8.591419e+00 -1.315714e-05 9.303505e-06
8.596194e+00 2.298175e-05 2.298175e-05
8.600969e+00 1.640318e-05 2.390478e-05
8.605744e+00 3.938494e-05 3.316021e-05
8.610519e+00 2.622779e-05 3.444060e-05
8.615294e+00 2.298175e-05 2.298175e-05
8.620069e+00 1.640318e-05 2.390478e-05
8.624844e+00 -3.289286e-05 1.471013e-05
8.629619e+00 0.000000e+00 0.000000e+00
8.634394e+00 -6.578572e-06 6.578572e-06
8.639169e+00 0.000000e+00 0.000000e+00
8.643944e+00 -1.973572e-05 1.139442e-05
8.648719e+00 -6.578572e-06 6.578572e-06
8.653494e+00 9.824610e-06 2.479347e-05
8.658269e+00 1.640318e-05 2.390478e-05
8.663044e+00 -6.578572e-06 6.578572e-06
8.667819e+00 3.280636e-05 3.380647e-05
8.672594e+00 -6.578572e-06 6.578572e-06
8.677369e+00 -6.578572e-06 6.578572e-06
8.682144e+00 4.263097e-05 4.192366e-05
8.686919e+00 0.000000e+00 0.000000e+00
8.691694e+00 5.578812e-05 4.087833e-05
8.696469e+00 -6.578572e-06 6.578572e-06
8.701244e+00 3.246039e-06 2.565139e-05
8.706019e+00 -1.315714e-05 9.303505e-06
8.710794e+00 -1.315714e-05 9.303505e-06
8.715569e+00 9.824610e-06 2.479347e-05
8.720344e+00 1.307065e-05 3.567506e-05
8.725119e+00 -1.973572e-05 1.139442e-05
8.729894e+00 0.000000e+00 0.000000e+00
8.734669e+00 1.640318e-05 2.390478e-05
8.739444e+00 0.000000e+00 0.000000e+00
8.744219e+00 0.000000e+00 0.000000e+00
8.748994e+00 -6.578572e-06 6.578572e-06
8.753769e+00 -6.578572e-06 6.578572e-06
8.758544e+00 -1.315714e-05 9.303505e-06
8.763319e+00 0.000000e+00 0.000000e+00
8.768094e+00 -1.315714e-05 9.303505e-06
8.772869e+00 0.000000e+00 0.000000e+00
8.777644e+00 -6.578572e-06 6.578572e-06
8.782419e+00 0.000000e+00 0.000000e+00
8.787194e+00 3.280636e-05 3.380647e-05
8.791969e+00 -6.578572e-06 6.578572e-06
8.796744e+00 -6.578572e-06 6.578572e-06
8.801519e+00 4.596351e-05 3.250111e-05
8.806294e+00 2.622779e-05 3.444060e-05
8.811069e+00 7.219130e-05 4.735480e-05
8.815844e+00 -6.578572e-06 6.578572e-06
8.820619e+00 0.000000e+00 0.000000e+00
8.825394e+00 5.578812e-05 4.087833e-05
8.830169e+00 1.640318e-05 2.390478e-05
8.834944e+00 0.000000e+00 0.000000e+00
8.839719e+00 -6.578572e-06 6.578572e-06
8.844494e+00 1.964922e-05 3.506326e-05
8.849269e+00 2.298175e-05 2.298175e-05
8.854044e+00 -1.315714e-05 9.303505e-06
8.858819e+00 -6.578572e-06 6.578572e-06
8.863594e+00 -6.578572e-06 6.578572e-06
8.868369e+00 9.824610e-06 2.479347e-05
8.873144e+00 -1.315714e-05 9.303505e-06
8.877919e+00 0.000000e+00 0.000000e+00
8.882694e+00 -6.578572e-06 6.578572e-06
8.887469e+00 0.000000e+00 0.000000e+00
8.892244e+00 1.640318e-05 2.390478e-05
8.897019e+00 -6.578572e-06 6.578572e-06
8.901794e+00 -6.578572e-06 6.578572e-06
8.906569e+00 -1.315714e-05 9.303505e-06
8.911344e+00 -6.578572e-06 6.578572e-06
8.916119e+00 1.640318e-05 2.390478e-05
8.920894e+00 3.938494e-05 3.316021e-05
8.925669e+00 1.640318e-05 2.390478e-05
8.930444e+00 -6.578572e-06 6.578572e-06
8.935219e+00 -2.631429e-05 1.315714e-05
8.939994e+00 1.640318e-05 2.390478e-05
8.944769e+00 9.824610e-06 2.479347e-05
8.949544e+00 0.000000e+00 0.000000e+00
8.954319e+00 0.000000e+00 0.000000e+00
8.959094e+00 -3.332533e-06 2.648153e-05
8.963869e+00 -1.648968e-05 2.806825e-05
8.968644e+00 0.000000e+00 0.000000e+00
8.973419e+00 -1.315714e-05 9.303505e-06
8.978194e+00 -6.578572e-06 6.578572e-06
8.982969e+00 5.903416e-05 4.826005e-05
8.987744e+00 0.000000e+00 0.000000e+00
8.992519e+00 -6.578572e-06 6.578572e-06
8.997294e+00 -6.578572e-06 6.578572e-06
9.002069e+00 6.236669e-05 4.034552e-05
9.006844e+00 -6.578572e-06 6.578572e-06
9.011619e+00 0.000000e+00 0.000000e+00
9.016394e+00 3.938494e-05 3.316021e-05
9.021169e+00 -6.578572e-06 6.578572e-06
9.025944e+00 0.000000e+00 0.000000e+00
9.030719e+00 -6.578572e-06 6.578572e-06
9.035494e+00 1.640318e-05 2.390478e-05
9.040269e+00 -6.578572e-06 6.578572e-06
9.045044e+00 2.298175e-05 2.298175e-05
9.049819e+00 1.640318e-05 2.390478e-05
9.054594e+00 -1.973572e-05 1.139442e-05
9.059369e+00 -6.578572e-06 6.578572e-06
9.064144e+00 -4.605000e-05 1.740526e-05
9.068919e+00 -6.578572e-06 6.578572e-06
9.073694e+00 -1.973572e-05 1.139442e-05
9.078469e+00 -1.315714e-05 9.303505e-06
9.083244e+00 -6.578572e-06 6.578572e-06
9.088019e+00 -6.578572e-06 6.578572e-06
9.092794e+00 -6.578572e-06 6.578572e-06
9.097569e+00 0.000000e+00 0.000000e+00
9.102344e+00 -6.578572e-06 6.578572e-06
9.107119e+00 -6.578572e-06 6.578572e-06
9.111894e+00 -6.578572e-06 6.578572e-06
9.116669e+00 0.000000e+00 0.000000e+00
9.121444e+00 0.000000e+00 0.000000e+00
9.126219e+00 3.246039e-06 2.565139e-05
9.130994e+00 -1.973572e-05 1.139442e-05
9.135769e+00 -6.578572e-06 6.578572e-06
9.140544e+00 0.000000e+00 0.000000e+00
9.145319e+00 0.000000e+00 0.000000e+00
9.150094e+00 -1.973572e-05 1.139442e-05
9.154869e+00 4.596351e-05 3.250111e-05
9.159644e+00 1.640318e-05 2.390478e-05
9.164419e+00 2.298175e-05 2.298175e-05
9.169194e+00 3.280636e-05 3.380647e-05
9.173969e+00 -6.578572e-06 6.578572e-06
9.178744e+00 0.000000e+00 0.000000e+00
9.183519e+00 1.640318e-05 2.390478e-05
9.188294e+00 1.640318e-05 2.390478e-05
9.193069e+00 1.964922e-05 3.506326e-05
9.197844e+00 2.298175e-05 2.298175e-05
9.202619e+00 -1.315714e-05 9.303505e-06
9.207394e+00 -1.315714e-05 9.303505e-06
9.212169e+00 -1.973572e-05 1.139442e-05
9.216944e+00 9.824610e-06 2.479347e-05
9.221719e+00 -6.578572e-06 6.578572e-06
9.226494e+00 5.578812e-05 4.087833e-05
9.231269e+00 1.640318e-05 2.390478e-05
9.236044e+00 0.000000e+00 0.000000e+00
9.240819e+00 -6.578572e-06 6.578572e-06
9.245594e+00 -1.973572e-05 1.139442e-05
9.250369e+00 -1.315714e-05 9.303505e-06
9.255144e+00 4.596351e-05 3.250111e-05
9.259919e+00 9.824610e-06 2.479347e-05
9.264694e+00 0.000000e+00 0.000000e+00
9.269469e+00 -2.631429e-05 1.315714e-05
9.274244e+00 0.000000e+00 0.000000e+00
9.279019e+00 -3.332533e-06 2.648153e-05
9.283794e+00 -1.315714e-05 9.303505e-06
9.288569e+00 -1.315714e-05 9.303505e-06
9.293344e+00 -3.332533e-06 2.648153e-05
9.298119e+00 0.000000e+00 0.000000e+00
9.302894e+00 2.622779e-05 3.444060e-05
9.307669e+00 -6.578572e-06 6.578572e-06
9.312444e+00 0.000000e+00 0.000000e+00
9.317219e+00 -4.605000e-05 1.740526e-05
9.321994e+00 0.000000e+00 0.000000e+00
9.326769e+00 6.492078e-06 3.627654e-05
9.331544e+00 4.920955e-05 4.140430e-05
9.336319e+00 9.824610e-06 2.479347e-05
9.341094e+00 -1.973572e-05 1.139442e-05
9.345869e+00 3.938494e-05 3.316021e-05
9.350644e+00 -6.578572e-06 6.578572e-06
9.355419e+00 -1.315714e-05 9.303505e-06
9.360194e+00 -6.578572e-06 6.578572e-06
9.364969e+00 1.640318e-05 2.390478e-05
9.369744e+00 -6.578572e-06 6.578572e-06
9.374519e+00 -1.973572e-05 1.139442e-05
9.379294e+00 0.000000e+00 0.000000e+00
9.384069e+00 -3.332533e-06 2.648153e-05
9.388844e+00 1.640318e-05 2.390478e-05
9.393619e+00 0.000000e+00 0.000000e+00
9.398394e+00 -1.973572e-05 1.139442e-05
9.403169e+00 -1.315714e-05 9.303505e-06
9.407944e+00 -6.578572e-06 6.578572e-06
9.412719e+00 9.824610e-06 2.479347e-05
9.417494e+00 2.298175e-05 2.298175e-05
9.422269e+00 3.280636e-05 3.380647e-05
9.427044e+00 -6.578572e-06 6.578572e-06
9.431819e+00 0.000000e+00 0.000000e+00
9.436594e+00 0.000000e+00 0.000000e+00
9.441369e+00 -1.973572e-05 1.139442e-05
9.446144e+00 -6.578572e-06 6.578572e-06
9.450919e+00 1.640318e-05 2.390478e-05
9.455694e+00 -1.315714e-05 9.303505e-06
9.460469e+00 -6.578572e-06 6.578572e-06
9.465244e+00 -6.578572e-06 6.578572e-06
9.470019e+00 -6.578572e-06 6.578572e-06
9.474794e+00 0.000000e+00 0.000000e+00
9.479569e+00 -1.973572e-05 1.139442e-05
9.484344e+00 2.298175e-05 2.298175e-05
9.489119e+00 9.824610e-06 2.479347e-05
9.493894e+00 -6.578572e-06 6.578572e-06
9.498669e+00 -1.315714e-05 9.303505e-06
9.503444e+00 -6.578572e-06 6.578572e-06
9.508219e+00 -1.315714e-05 9.303505e-06
9.512994e+00 -1.315714e-05 9.303505e-06
9.517769e+00 3.938494e-05 3.316021e-05
9.522544e+00 -9.911105e-06 2.728643e-05
9.527319e+00 0.000000e+00 0.000000e+00
9.532094e+00 -6.578572e-06 6.578572e-06
9.536869e+00 2.622779e-05 3.444060e-05
9.541644e+00 0.000000e+00 0.000000e+00
9.546419e+00 9.824610e-06 2.479347e-05
9.551194e+00 5.903416e-05 4.826005e-05
9.555969e+00 -6.578572e-06 6.578572e-06
9.560744e+00 -6.578572e-06 6.578572e-06
9.565519e+00 3.280636e-05 3.380647e-05
9.570294e+00 -1.315714e-05 9.303505e-06
9.575069e+00 4.596351e-05 3.250111e-05
9.579844e+00 -3.332533e-06 2.648153e-05
9.584619e+00 -6.578572e-06 6.578572e-06
9.589394e+00 0.000000e+00 0.000000e+00
9.594169e+00 -2.631429e-05 1.315714e-05
9.598944e+00 -6.578572e-06 6.578572e-06
9.603719e+00 4.920955e-05 4.140430e-05
9.608494e+00 0.000000e+00 0.000000e+00
9.613269e+00 -1.973572e-05 1.139442e-05
9.618044e+00 -6.578572e-06 6.578572e-06
9.622819e+00 9.824610e-06 2.479347e-05
9.627594e+00 0.000000e+00 0.000000e+00
9.632369e+00 2.298175e-05 2.298175e-05
9.637144e+00 1.640318e-05 2.390478e-05
9.641919e+00 -6.578572e-06 6.578572e-06
9.646694e+00 -1.315714e-05 9.303505e-06
9.651469e+00 -1.315714e-05 9.303505e-06
9.656244e+00 3.246039e-06 2.565139e-05
9.661019e+00 9.824610e-06 2.479347e-05
9.665794e+00 2.298175e-05 2.298175e-05
9.670569e+00 6.236669e-05 4.034552e-05
9.675344e+00 0.000000e+00 0.000000e+00
9.680119e+00 6.492078e-06 3.627654e-05
9.684894e+00 -1.315714e-05 9.303505e-06
9.689669e+00 -3.289286e-05 1.471013e-05
9.694444e+00 -1.315714e-05 9.303505e-06
9.699219e+00 9.824610e-06 2.479347e-05
9.703994e+00 2.298175e-05 2.298175e-05
9.708769e+00 -1.648968e-05 2.806825e-05
9.713544e+00 -6.578572e-06 6.578572e-06
9.718319e+00 9.824610e-06 2.479347e-05
9.723094e+00 0.000000e+00 0.000000e+00
9.727869e+00 -1.648968e-05 2.806825e-05
9.732644e+00 9.824610e-06 2.479347e-05
9.737419e+00 -1.973572e-05 1.139442e-05
9.742194e+00 -6.578572e-06 6.578572e-06
9.746969e+00 1.640318e-05 2.390478e-05
9.751744e+00 -1.648968e-05 2.806825e-05
9.756519e+00 0.000000e+00 0.000000e+00
9.761294e+00 -6.578572e-06 6.578572e-06
